video,frame,video_length,phase,appearance,temporal,appearance_score,temporal_score,combined_score,label
01,35,583,13,0.013203777372837067,1.0834847934084566,0.055638113589245,0.0282235344480483,0.04193082401864665,0
01,36,583,13,0.013760543428361416,0.7348438951492384,0.06767670091383576,0.0,0.03383835045691788,0
01,37,583,13,0.01256294921040535,0.44226341936265595,0.04178190644991831,0.0,0.020890953224959156,0
01,38,583,13,0.012828879989683628,0.33672603901611625,0.047531953308689166,0.0,0.023765976654344583,0
01,39,583,13,0.013581648468971252,0.4250575548285479,0.06380857251559972,0.0,0.03190428625779986,0
01,40,583,13,0.014328000135719776,0.6308009208772577,0.0799464451927407,0.0,0.03997322259637035,0
01,41,583,13,0.014350282028317451,0.9165152065915434,0.08042823194524243,0.01178796726841304,0.046108099606827734,0
01,42,583,15,0.014794564805924892,0.7416293065148022,0.09003466711126881,0.0,0.045017333555634406,0
01,43,583,16,0.014760644175112247,1.3215800315036954,0.089301223554336,0.05166031928693346,0.07048077142063473,0
01,44,583,16,0.014865260571241379,0.9780281917686499,0.0915632752866357,0.017842966981665202,0.05470312113415045,0
01,45,583,16,0.013659005984663963,0.7007956702613191,0.06548122335097266,0.0,0.03274061167548633,0
01,46,583,16,0.013883234933018684,0.5289793610404288,0.07032957886525995,0.0,0.035164789432629975,0
01,47,583,17,0.013047614134848118,0.8402601074356797,0.05226149829675868,0.004281834990920972,0.028271666643839823,0
01,48,583,18,0.014192266389727592,1.3691990791227422,0.07701156340925659,0.0563476762547104,0.06667961983198349,0
01,49,583,18,0.01323128491640091,1.0239508865463063,0.05623289116591755,0.02236334431191325,0.0392981177389154,0
01,50,583,20,0.015203255228698254,2.512056221979885,0.09887151212806394,0.16884424348135882,0.13385787780471137,0
01,51,583,20,0.015787215903401375,2.068177228482572,0.11149811087054602,0.12515123832794972,0.11832467459924786,0
01,52,583,20,0.016170136630535126,1.6566097176784198,0.11977775465675713,0.08463879769890154,0.10220827617782934,0
01,53,583,20,0.01469260361045599,1.3249727371864768,0.08783002704172282,0.051994278561991306,0.06991215280185706,0
01,54,583,20,0.01377857942134142,1.029039945070479,0.06806668136311259,0.022864283224500077,0.04546548229380633,0
01,55,583,21,0.014531277120113373,1.3283654428692597,0.08434177012934645,0.0523282378370493,0.06833500398319788,0
01,56,583,21,0.014129696413874626,1.0783553455309192,0.07565865385105072,0.027718619829806196,0.05168863684042846,0
01,57,583,21,0.014256074093282223,0.898057272103074,0.07839123554192744,0.009971069783871762,0.0441811526628996,0
01,58,583,21,0.013406273908913136,0.8214790581202803,0.06001656340365235,0.0024331318611362507,0.0312248476323943,0
01,59,583,23,0.01322569977492094,1.6123833757421537,0.05611212731409926,0.08028540000618238,0.06819876366014083,0
01,60,583,23,0.014109864830970764,1.2059049234621757,0.07522984853829119,0.04027389828972115,0.05775187341400617,0
01,61,583,23,0.014455731026828289,0.867442142251303,0.08270828649287072,0.00695748489703973,0.04483288569495523,0
01,62,583,23,0.014426431618630886,0.6259138091199158,0.08207476460222478,0.0,0.04103738230111239,0
01,63,583,25,0.01463931892067194,1.7025324124560763,0.08667788713544766,0.0891591750291496,0.08791853108229863,0
01,64,583,25,0.012881385162472725,1.3062724665778105,0.04866723823014326,0.0501535268435175,0.04941038253683038,0
01,65,583,25,0.013345921412110329,0.9541984732824433,0.05871160094085742,0.015497300644949018,0.03710445079290322,0
01,66,583,25,0.014970052056014538,0.6990589280665618,0.09382911284587252,0.0,0.04691455642293626,0
01,67,583,25,0.014375622384250164,0.5476392422957317,0.0809761498448796,0.0,0.0404880749224398,0
01,68,583,25,0.014559222385287285,0.5730845349165964,0.08494601227336177,0.0,0.04247300613668088,0
01,69,583,25,0.014111559838056564,0.772002100246375,0.07526649856502278,0.0,0.03763324928251139,0
01,70,583,25,0.013361380435526371,1.0593723494486855,0.05904586126707585,0.02585003817174402,0.04244794971940993,0
01,71,583,27,0.014447498135268688,0.7211922937113778,0.08253027207731732,0.0,0.04126513603865866,0
01,72,583,27,0.013763601891696453,0.5595944908922011,0.0677428320609712,0.0,0.0338714160304856,0
01,73,583,27,0.01485997624695301,0.5051092532008554,0.09144901580769339,0.0,0.045724507903846696,0
01,74,583,27,0.014158685691654682,0.5798699462821582,0.07628546999504741,0.0,0.03814273499752371,0
01,75,583,29,0.013739668764173985,1.185508300012117,0.06722534173847218,0.03826616693371825,0.05274575433609521,0
01,76,583,29,0.0213700570166111,0.8759642958116247,0.2322122233668518,0.007796358790339963,0.12000429107859588,0
01,77,583,29,0.01615537516772747,0.6446140797285829,0.11945857722615516,0.0,0.05972928861307758,0
01,78,583,29,0.012758293189108372,0.5425097944181895,0.0460057012064693,0.0,0.02300285060323465,0
01,79,583,29,0.014783619903028011,0.5696514398804473,0.08979801265294489,0.0,0.044899006326472445,0
01,80,583,29,0.018195435404777527,0.7141645462256152,0.16356946198191297,0.0,0.08178473099095648,0
01,81,583,30,0.01461806707084179,0.5068056060422472,0.08621837232226745,0.0,0.043109186161133725,0
01,82,583,30,0.016217006370425224,0.5441657579062158,0.12079118830801738,0.0,0.06039559415400869,0
01,83,583,30,0.01955666020512581,0.7107718405428343,0.19300233322970894,0.0,0.09650116661485447,0
01,84,583,32,0.013361449353396893,1.0409548043135823,0.059047351432997906,0.024037116392858174,0.04154223391292804,0
01,85,583,32,0.013859923928976059,0.7773334948907472,0.06982554031081405,0.0,0.03491277015540702,0
01,86,583,32,0.020103542134165764,0.5868169150611899,0.204827202568749,0.0,0.1024136012843745,0
01,87,583,32,0.016046173870563507,0.49662748899390186,0.11709738918528427,0.0,0.058548694592642135,0
01,88,583,32,0.01680448092520237,0.5356839936992609,0.13349376537514687,0.0,0.06674688268757344,0
01,89,583,32,0.01780521497130394,0.7039864291772685,0.15513198143222814,0.0,0.07756599071611407,0
01,90,583,32,0.016633138060569763,0.9845712670140147,0.12978893096963962,0.01848703129784825,0.07413798113374394,0
01,91,583,32,0.0156843364238739,1.2974675875439237,0.10927361534695754,0.049286823010629116,0.07928021917879333,0
01,92,583,32,0.015756379812955856,1.5355628256391618,0.11083136230731376,0.0727236078495142,0.09177748507841399,0
01,93,583,32,0.018777795135974884,1.7736580637344,0.1761614445727733,0.0961603926883993,0.1361609186305863,0
01,94,583,33,0.020674260333180428,1.152914091845389,0.21716746794304626,0.03505777246976904,0.12611262020640765,0
01,95,583,33,0.014713561162352562,1.3757017650147423,0.08828317844366833,0.05698776486523817,0.07263547165445325,0
01,96,583,34,0.017387624830007553,0.8604143947655389,0.14610270363771488,0.006265712112991083,0.07618420787535299,0
01,97,583,36,0.01465450506657362,1.1293670988327469,0.08700624721010985,0.03273993607264093,0.059873091641375394,0
01,98,583,36,0.017131643369793892,0.8997536249444638,0.1405677843809075,0.010138049421400595,0.07535291690115405,0
01,99,583,36,0.015078974887728691,0.7449412334908501,0.09618427981092323,0.0,0.048092139905461614,0
01,100,583,36,0.015661565586924553,0.6870632901167235,0.10878125647136017,0.0,0.05439062823568008,0
01,101,583,36,0.01605987176299095,0.7261197948220839,0.11739356973098103,0.0,0.058696784865490514,0
01,102,583,36,0.014910748228430748,0.7958318187325821,0.09254682506994559,0.0,0.046273412534972795,0
01,103,583,36,0.01308515015989542,0.9318631608707951,0.05307311515246732,0.013298735417484487,0.0331859252849759,0
01,104,583,38,0.012207485735416412,0.9643362009774211,0.03409595282200419,0.0164952027644671,0.025295577793235647,0
01,105,583,38,0.013068064115941525,0.7789490690254046,0.052703674828062035,0.0,0.026351837414031017,0
01,106,583,38,0.013409155420958996,0.6581849024597124,0.060078868449096046,0.0,0.030039434224548023,0
01,107,583,38,0.012561798095703125,0.6020437012803431,0.041757016651544555,0.0,0.020878508325772278,0
01,108,583,38,0.013426803052425385,0.6173108768528625,0.06046045161202833,0.0,0.030230225806014165,0
01,109,583,38,0.013544144108891487,0.7312088533462593,0.06299764033072013,0.0,0.03149882016536006,0
01,110,583,38,0.015047816559672356,0.9386485722363596,0.0955105637151365,0.013966653967600334,0.054738608841368414,0
01,111,583,38,0.0145963653922081,1.2022294923058292,0.08574913115583924,0.039912109075075156,0.0628306201154572,0
01,112,583,40,0.013679303228855133,0.7449412334908501,0.06592009735239471,0.0,0.032960048676197354,0
01,113,583,40,0.013957126997411251,0.6326588311321141,0.07192729851960639,0.0,0.03596364925980319,0
01,114,583,40,0.01685056835412979,0.6274889939012078,0.13449028362945406,0.0,0.06724514181472703,0
01,115,583,41,0.015276236459612846,0.6156549133648361,0.10044953742738649,0.0,0.050224768713693246,0
01,116,583,42,0.013578584417700768,0.9048426834686364,0.06374232054420031,0.010638988333987413,0.03719065443909386,0
01,117,583,42,0.01870766654610634,0.670099761702815,0.17464510006019737,0.0,0.08732255003009869,0
01,118,583,42,0.016234731301665306,0.5255058766509135,0.12117444287326765,0.0,0.06058722143663382,0
01,119,583,42,0.012245356105268002,0.5084615695302701,0.03491479899617252,0.0,0.01745739949808626,0
01,120,583,42,0.018465161323547363,0.588351710489115,0.16940156865328337,0.0,0.08470078432664169,0
01,121,583,42,0.014033297076821327,0.7617835938446634,0.0735742741988899,0.0,0.03678713709944495,0
01,122,583,42,0.012904288247227669,0.9896603255381894,0.04916245661332078,0.018987970210435277,0.03407521341187803,0
01,123,583,45,0.011243997141718864,1.6072943172179803,0.01326307075890614,0.0797844610935955,0.046523765926250814,0
01,124,583,45,0.011083703488111496,1.2110343713397147,0.009797146197983237,0.04077881290796341,0.025287979552973322,0
01,125,583,45,0.011578965000808239,0.9474130619168795,0.020505861124027976,0.014829382094833225,0.0176676216094306,0
01,126,583,45,0.012115873396396637,0.7484147178803673,0.03211507928929411,0.0,0.016057539644647054,0
01,127,583,45,0.010972414165735245,0.6293065148026987,0.007390810157149584,0.0,0.003695405078574792,0
01,128,583,45,0.012237977236509323,0.6326588311321155,0.034755250555626185,0.0,0.017377625277813093,0
01,129,583,45,0.011533468030393124,0.7329455955410166,0.019522109966944846,0.0,0.009761054983472423,0
01,130,583,45,0.010645356960594654,0.9216850438224484,0.00031906667502668544,0.012296857592310709,0.006307962133668697,0
01,131,583,45,0.01189428847283125,1.175047457490206,0.027323893789232626,0.0372364591689564,0.03228017647909451,0
01,132,583,46,0.011923917569220066,0.7124681933842241,0.027964544311451626,0.0,0.013982272155725813,0
01,133,583,48,0.01075753103941679,1.125974393149966,0.0027445332243191314,0.032405976797583134,0.017575255010951134,0
01,134,583,49,0.010534106753766537,1.654913364837028,0.0,0.08447181806137251,0.042235909030686254,0
01,135,583,49,0.011586506851017475,1.2654388303243267,0.020668933605606194,0.04613408842585627,0.03340151101573123,0
01,136,583,49,0.014860550872981548,0.9899026616583863,0.09146144056950295,0.0190118244443678,0.055236632506935376,0
01,137,583,49,0.014590569771826267,0.8572236358495887,0.08562381625674548,0.00595163136621039,0.045787723811477936,0
01,138,583,49,0.0177240502089262,0.7891675754271168,0.1533770089983504,0.0,0.0766885044991752,0
01,139,583,50,0.013260970823466778,0.9524617310876854,0.056874770068153384,0.015326345301764566,0.03610055768495898,0
01,140,583,50,0.014988288283348083,0.8078678460357852,0.09422342283127423,0.0010933190552491231,0.047658370943261676,0
01,141,583,50,0.01756550371646881,0.7602084090633708,0.1499488621572893,0.0,0.07497443107864465,0
01,142,583,50,0.01223842240869999,0.8077870673290529,0.03476487622198756,0.0010853676439382814,0.01792512193296292,0
01,143,583,50,0.018468104302883148,0.9199886909810593,0.1694652027656305,0.012129877954781942,0.09079754036020622,0
01,144,583,50,0.014681737869977951,1.0441051738761682,0.08759508426047151,0.024347221433983622,0.05597115284722756,0
01,145,583,50,0.01459893211722374,1.226059210792037,0.08580462976774705,0.04225777541179146,0.06403120258976926,0
01,146,583,50,0.020342178642749786,1.4403247304010673,0.20998708331025473,0.06334889391396024,0.1366679886121075,0
01,147,583,50,0.01878470368683338,1.6784199684963053,0.17631082363777048,0.08678567875284532,0.13154825119530789,0
01,148,583,52,0.014101452194154263,0.8095238095238089,0.07504794760891406,0.0012563229871225359,0.0381521352980183,0
01,149,583,53,0.015321094542741776,0.9115877054808353,0.10141947434362464,0.011302931178447904,0.056361202761036275,0
01,150,583,53,0.020750386640429497,0.8010016559634885,0.21881349716559548,0.0004174490938224336,0.10961547312970896,0
01,151,583,53,0.016396237537264824,0.7822609960014533,0.12466658629946777,0.0,0.06233329314973388,0
01,152,583,54,0.013495133258402348,0.7346823377357711,0.06193791084898961,0.0,0.030968955424494803,0
01,153,583,54,0.012507662177085876,0.6614968294357597,0.0405864711823943,0.0,0.02029323559119715,0
01,154,583,56,0.014371320605278015,1.654913364837028,0.08088313529901521,0.08447181806137251,0.08267747668019386,0
01,155,583,56,0.012032854370772839,1.3538915141968575,0.030320013337162215,0.054840883811294455,0.04258044857422834,0
01,156,583,56,0.012476982548832893,1.0851811462498484,0.03992310569855265,0.028390514085577332,0.03415680989206499,0
01,157,583,56,0.017451442778110504,0.858960378044346,0.14748259728153632,0.006122586709394775,0.07680259199546555,0
01,158,583,56,0.015156342647969723,0.7058443394321255,0.09785715215744674,0.0,0.04892857607872337,0
01,159,583,58,0.013851596973836422,1.8930086029322661,0.06964549202015081,0.10790860290025761,0.0887770474602042,0
01,160,583,58,0.01901782676577568,1.5477604103558302,0.18135149110551196,0.07392427095746046,0.1276378810314862,0
01,161,583,58,0.016956180334091187,1.2671351831657172,0.13677386221811424,0.04630106806338517,0.0915374651407497,0
01,162,583,58,0.01835889369249344,1.0511329213619283,0.16710381335098637,0.025038994218031876,0.09607140378450912,0
01,163,583,58,0.015688780695199966,0.8997536249444651,0.10936971091155265,0.010138049421400726,0.05975388016647669,0
01,164,583,58,0.013038014061748981,0.8282644694858454,0.05205392221129211,0.003101050411252164,0.02757748631127214,0
01,165,583,58,0.019979305565357208,0.8826285391170907,0.20214091670834256,0.008452350223489549,0.10529663346591606,0
01,166,583,58,0.01699041947722435,1.0373197625106025,0.13751419275809224,0.023679302883867655,0.08059674782097995,0
01,167,583,58,0.01471902709454298,1.270285552728301,0.08840136471118902,0.04661117310451042,0.06750626890784972,0
01,168,583,58,0.018284078687429428,1.5355628256391625,0.16548613755571082,0.07272360784951427,0.11910487270261255,0
01,169,583,58,0.016172539442777634,1.8212771113534483,0.11982970909025575,0.10084774965617639,0.11033872937321607,0
01,170,583,58,0.020621787756681442,2.059372349448686,0.21603288782979854,0.12428453449506145,0.17015871116243,0
01,171,583,60,0.014591331593692303,0.8808514075689639,0.08564028863139736,0.008277419174649404,0.04695885390302338,0
01,172,583,61,0.012327693402767181,0.802698008804879,0.03669512438810248,0.0005844287313513328,0.018639776559726907,0
01,173,583,61,0.0184317734092474,0.8060503251342943,0.1686796436761805,0.0009144123007537649,0.08479702798846712,0
01,174,583,61,0.015107441693544388,0.8995516781776323,0.09679979888624057,0.010118170893123415,0.053458984889681996,0
01,175,583,61,0.013457671739161015,0.9811785613312332,0.06112790498346697,0.018153072022790397,0.039640488503128686,0
01,176,583,61,0.013714954257011414,1.0951169271779968,0.06669095615639745,0.029368537676818445,0.04802974691660795,0
01,177,583,61,0.012677510268986225,1.2413667757179219,0.044258985097294846,0.04376456785520742,0.04401177647625114,0
01,178,583,63,0.011540026403963566,0.8809725756290631,0.01966391737806782,0.008289346291615743,0.013976631834841782,0
01,179,583,63,0.012190012261271477,0.7856940910376023,0.03371813534863169,0.0,0.016859067674315845,0
01,180,583,64,0.012657254002988338,1.0204774021567904,0.043820997140475104,0.022021433625544345,0.032921215383009725,0
01,181,583,64,0.013133609667420387,0.773860010501232,0.05412092330682142,0.0,0.02706046165341071,0
01,182,583,64,0.012008820660412312,0.6241770669251592,0.029800348177912085,0.0,0.014900174088956043,0
01,183,583,64,0.012155111879110336,0.5765176299527461,0.03296350727075293,0.0,0.016481753635376465,0
01,184,583,64,0.011406169272959232,0.6190072296942543,0.01676961240989366,0.0,0.00838480620494683,0
01,185,583,64,0.014091528952121735,0.7261197948220852,0.0748333838535157,0.0,0.03741669192675785,0
01,186,583,66,0.013077053241431713,1.0868774990912402,0.05289804079400337,0.028557493723106363,0.04072776725855487,0
01,187,583,66,0.011434518732130527,0.7875116119390932,0.01738259417566805,0.0,0.008691297087834025,0
01,188,583,66,0.013923157937824726,0.6173916555595961,0.07119280781905267,0.0,0.035596403909526335,0
01,189,583,66,0.013394452631473541,0.5816066884769174,0.05976095967326555,0.0,0.029880479836632775,0
01,190,583,66,0.012579469010233879,0.6648895351185432,0.042139103248909966,0.0,0.021069551624454983,0
01,191,583,66,0.015900714322924614,0.8451068298396548,0.11395221277039469,0.004758919669575199,0.059355566219984945,0
01,192,583,66,0.013949421234428883,1.1069913970677325,0.07176068185961897,0.030537395139520977,0.05114903849956997,0
01,193,583,69,0.01297931931912899,1.5120562219798865,0.05078480428013576,0.0704097471580416,0.060597275719088683,0
01,194,583,69,0.013611869886517525,1.163415323720667,0.06446203040979745,0.03609145594018639,0.05027674317499192,0
01,195,583,69,0.013056434690952301,0.8606567308857378,0.05245221939740419,0.0062895663469238056,0.029370892872163996,0
01,196,583,69,0.013563214801251888,0.665010703178641,0.0634099934062051,0.0,0.03170499670310255,0
01,197,583,69,0.012436963617801666,0.5986106062441927,0.039057802594895434,0.0,0.019528901297447717,0
01,198,583,69,0.012154554016888142,0.6512783230340475,0.032951444981735224,0.0,0.016475722490867612,0
01,199,583,70,0.012375334277749062,0.573165313623328,0.03772523178778787,0.0,0.018862615893893934,0
01,200,583,70,0.012417556717991829,0.5492952057837547,0.038638179926196135,0.0,0.019319089963098068,0
01,201,583,71,0.017942531034350395,0.7228886465527683,0.15810107661978753,0.0,0.07905053830989377,0
01,202,583,72,0.015005869790911674,1.2314309947897728,0.09460357624041645,0.04278654426396624,0.06869506025219134,0
01,203,583,73,0.013110081665217876,1.7977705076941715,0.05361219274345879,0.09853388896470362,0.0760730408540812,0
01,204,583,73,0.015092575922608376,1.4015105618159045,0.0964783660693782,0.059528240779071415,0.0780033034242248,0
01,205,583,73,0.011750206351280212,1.0460438628377549,0.02420850055540679,0.02453805530544498,0.024373277930425888,0
01,206,583,73,0.019315211102366447,0.7858152590977008,0.18778163760868158,0.0,0.09389081880434079,0
01,207,583,73,0.015214315615594387,0.6888404216648483,0.09911066362117618,0.0,0.04955533181058809,0
01,208,583,74,0.014724837616086006,0.911668484187567,0.08852700180831997,0.01131088258975868,0.04991894219903933,0
01,209,583,74,0.015041198581457138,0.734763116442504,0.09536746751186473,0.0,0.047683733755932364,0
01,210,583,74,0.013692599721252918,0.6598812553011009,0.06620759868846438,0.0,0.03310379934423219,0
01,211,583,74,0.02018311806023121,0.7142453249323475,0.20654782063691018,0.0,0.10327391031845509,0
01,212,583,75,0.015542933717370033,0.5595541015388343,0.10621615734769586,0.0,0.05310807867384793,0
01,213,583,75,0.011965228244662285,0.47615008683710935,0.028857777957458676,0.0,0.014428888978729338,0
01,214,583,75,0.019371554255485535,0.5883517104891144,0.18899990866209218,0.0,0.09449995433104609,0
01,215,583,76,0.01659841649234295,0.4728381598610594,0.12903816926820727,0.0,0.06451908463410364,0
01,216,583,76,0.01324643287807703,0.44896805202148604,0.05656042560810942,0.0,0.02828021280405471,0
01,217,583,76,0.01821420155465603,0.5832626519649418,0.16397523013501264,0.0,0.08198761506750632,0
01,218,583,77,0.01646982692182064,0.44048628781453253,0.12625776130618357,0.0,0.06312888065309179,0
01,219,583,77,0.014443702064454556,0.40979037925602785,0.08244819212734043,0.0,0.04122409606367022,0
01,220,583,77,0.015292941592633724,0.6036188860616337,0.10081074156446583,0.0,0.050405370782232915,0
01,221,583,77,0.015285933390259743,0.9165152065915427,0.10065920780009487,0.011787967268412974,0.05622358753425392,0
01,222,583,78,0.019019989296793938,0.42505755482854857,0.1813982500956607,0.0,0.09069912504783036,0
01,223,583,78,0.016250619664788246,0.5661779554909329,0.12151798653043293,0.0,0.060758993265216464,0
01,224,583,78,0.014880114234983921,0.7736580637343999,0.09188444631759286,0.0,0.04594222315879643,0
01,225,583,79,0.020678682252764702,0.31964134254210663,0.21726308021058557,0.0,0.10863154010529279,0
01,226,583,80,0.01379715371876955,0.6174724342663277,0.0684683012164833,0.0,0.03423415060824165,0
01,227,583,80,0.012189432047307491,0.379296417464356,0.033705589762558184,0.0,0.016852794881279092,0
01,228,583,80,0.01792130060493946,0.3077668726523695,0.1576420249662858,0.0,0.0788210124831429,0
01,229,583,82,0.01841549575328827,1.5596752695989333,0.16832768259529335,0.07509710412581853,0.12171239336055595,0
01,230,583,82,0.012504427693784237,1.2110343713397138,0.04051653407094442,0.04077881290796332,0.04064767348945387,0
01,231,583,82,0.016623426228761673,0.8947049557736572,0.12957893839889403,0.009641086214469187,0.06961001230668161,0
01,232,583,82,0.013367010280489922,0.6140797285835442,0.05916759171300575,0.0,0.029583795856502875,0
01,233,583,82,0.011986789293587208,0.4643563956541045,0.029323978379910808,0.0,0.014661989189955404,0
01,234,583,82,0.011427026242017746,0.45575346338705053,0.017220588975088057,0.0,0.008610294487544029,0
01,235,583,82,0.01147433090955019,0.6325376630720143,0.0182434267815591,0.0,0.00912171339077955,0
01,236,583,83,0.011269507929682732,0.46774910133688674,0.01381467379859379,0.0,0.006907336899296895,0
01,237,583,83,0.01409731712192297,0.45744981622844094,0.07495853765359085,0.0,0.03747926882679543,0
01,238,583,83,0.017477907240390778,0.629144957389232,0.1480548209956048,0.0,0.0740274104978024,0
01,239,583,83,0.0144430473446846,0.8688961589724952,0.08243403555108092,0.007100610300635962,0.044767322925858444,0
01,240,583,83,0.01082663144916296,1.1546104446867809,0.004238646072328217,0.035224752107298064,0.01973169908981314,0
01,241,583,83,0.014017012901604176,1.4403247304010667,0.07322217215636147,0.06334889391396017,0.06828553303516083,0
01,242,583,83,0.013184808194637299,1.7260390161153523,0.055227955487888475,0.09147303572062228,0.07335049560425538,0
01,243,583,83,0.011588910594582558,1.9641342542105904,0.020720908176482138,0.11490982055950737,0.06781536436799475,0
01,244,583,85,0.012813403271138668,0.7856133123308707,0.04719731037230156,0.0,0.02359865518615078,0
01,245,583,85,0.010986138135194778,0.9403449250777507,0.0076875545494114565,0.014133633605129299,0.010910594077270377,0
01,246,583,85,0.012045911513268948,1.1002059857021702,0.030602339367259354,0.029869476589405336,0.030235907978332345,0
01,247,583,85,0.010557875037193298,1.2447594814007035,0.0,0.04409852713026528,0.02204926356513264,0
01,248,583,85,0.010414858348667622,1.4216244597923995,0.0,0.06150814219548629,0.030754071097743144,0
01,249,583,87,0.010929403826594353,0.8554061149481013,0.006460825797524327,0.00577272461171537,0.0061167752046198485,0
01,250,583,87,0.014479325152933598,0.7244234419806955,0.08321844681002342,0.0,0.04160922340501171,0
01,251,583,87,0.012642301619052887,0.6818934528858206,0.0434976915475215,0.0,0.02174884577376075,0
01,252,583,88,0.014213559217751026,0.6904963851528746,0.0774719642670391,0.0,0.03873598213351955,0
01,253,583,89,0.019696442410349846,1.1787228886465524,0.19602475219242504,0.037598248383602394,0.11681150028801372,0
01,254,583,89,0.014562738128006458,0.8878791550547273,0.0850220308727638,0.008969191958697983,0.046995611415730894,0
01,255,583,89,0.017631780356168747,0.6667474453733989,0.15138191847724886,0.0,0.07569095923862443,0
01,256,583,89,0.014100148342549801,0.5799507249888931,0.075019755280659,0.0,0.0375098776403295,0
01,257,583,89,0.01253857184201479,0.5629064178682497,0.04125481059843524,0.0,0.02062740529921762,0
01,258,583,89,0.01755792461335659,0.639403853144311,0.14978498418061809,0.0,0.07489249209030904,0
01,259,583,89,0.015316280536353588,0.7805242538066967,0.10131538424023148,0.0,0.05065769212011574,0
01,260,583,90,0.016534924507141113,0.5493355951371208,0.12766532370644962,0.0,0.06383266185322481,0
01,261,583,90,0.01572992093861103,0.6139181711700782,0.11025925941750922,0.0,0.05512962970875461,0
01,262,583,92,0.016943708062171936,1.2314309947897728,0.13650418246097723,0.04278654426396624,0.08964536336247174,0
01,263,583,92,0.016181038692593575,0.8725715901288411,0.12001348279572412,0.007462399515281903,0.063737941155503,0
01,264,583,92,0.01603437028825283,0.593602326426753,0.11684216806506663,0.0,0.058421084032533314,0
01,265,583,95,0.01656772755086422,2.893008602932267,0.12837460241059237,0.20634309922357502,0.16735885081708368,0
01,266,583,95,0.014898175373673439,2.449129609434952,0.09227497047605747,0.16265009407016578,0.12746253227311163,0
01,267,583,95,0.015029313042759895,2.0375620986308,0.09511047430244249,0.1221376534411176,0.10862406387178004,0
01,268,583,95,0.01578742451965809,1.6583060705198096,0.11150262164306683,0.08480577733643038,0.0981541994897486,0
01,269,583,95,0.01514263916760683,1.311361525101982,0.09756085078748603,0.050654465756104196,0.07410765827179511,0
01,270,583,95,0.016935963183641434,1.0919665576154107,0.13633672003114217,0.029058432635692973,0.08269757633341757,0
01,271,583,95,0.015011186711490154,0.9201502483945219,0.09471854052756513,0.012145780777403428,0.05343216065248428,0
01,272,583,95,0.014592815190553665,0.8452683872531187,0.08567236747347616,0.004774822492196817,0.04522359498283649,0
01,273,583,95,0.01704760082066059,0.9149400218102501,0.13875058745109536,0.011632914747850283,0.07519175109947282,0
01,274,583,96,0.01517731323838234,0.8759239064582565,0.0983105854826748,0.007792383084684335,0.05305148428367956,0
01,275,583,96,0.014279027469456196,0.8418756815703364,0.07888754134348051,0.004440863217138887,0.0416642022803097,0
01,276,583,96,0.012895799241960049,0.9047619047619034,0.04897890441900299,0.010631036922676505,0.029804970670839745,0
01,277,583,96,0.013108059763908386,1.0561008118260011,0.05356847449728611,0.0255280060136523,0.03954824025546921,0
01,278,583,96,0.01429460197687149,1.2499293186316085,0.07922429870448724,0.044607417454162954,0.0619158580793251,0
01,279,583,96,0.013576828874647617,1.5083807908235385,0.06370436158794261,0.07004795794339545,0.06687615976566903,0
01,280,583,98,0.01414368487894535,0.8112201623652013,0.0759611172584729,0.0014233026246516318,0.03869220994156227,0
01,281,583,98,0.013301602564752102,0.7720424895997418,0.057753323566090475,0.0,0.028876661783045238,0
01,282,583,98,0.013771554455161095,0.8621107476069321,0.06791478512594977,0.006432691750520245,0.03717373843823501,0
01,283,583,98,0.016429273411631584,1.054283290924513,0.12538089934794178,0.025349099259157213,0.07536499930354949,0
01,284,583,98,0.015300110913813114,1.2787673169352567,0.10096575909511404,0.047446071292155244,0.07420591519363465,0
01,285,583,98,0.015573643147945404,1.5355628256391618,0.10688016722761191,0.0727236078495142,0.08980188753856305,0
01,286,583,98,0.015046169981360435,1.6784199684963046,0.09547496083202582,0.08678567875284525,0.09113031979243554,0
01,287,583,98,0.01602691411972046,1.8212771113534476,0.11668094822220232,0.10084774965617632,0.10876434893918932,0
01,288,583,98,0.01416476909071207,1.9641342542105904,0.07641700734373462,0.11490982055950737,0.09566341395162099,0
01,289,583,101,0.014401182532310486,0.8911910820307772,0.08152882016556547,0.009295199822445071,0.04541200999400527,0
01,290,583,101,0.015155918896198273,0.7159820671271061,0.09784798965076384,0.0,0.04892399482538192,0
01,291,583,101,0.015437521040439606,0.6377075003029207,0.10393688815778325,0.0,0.051968444078891625,0
01,292,583,101,0.016352662816643715,0.6461892645098756,0.12372439868918353,0.0,0.061862199344591765,0
01,293,583,101,0.01719888299703598,0.7192939941031546,0.14202166274902114,0.0,0.07101083137451057,0
01,294,583,101,0.029901999980211258,0.857021689082758,0.4166928313288366,0.0059317528379332855,0.21131229208338495,0
01,295,583,102,0.04071009159088135,0.5849993941597004,0.6503891089237236,0.0,0.3251945544618618,0
01,296,583,103,0.035769037902355194,0.7909043176218747,0.5435519450653894,0.0,0.2717759725326947,0
01,297,583,103,0.03479691967368126,0.6310028676440884,0.5225324700639974,0.0,0.2612662350319987,0
01,298,583,103,0.03859543055295944,0.5697322185871796,0.604665179969475,0.0,0.3023325899847375,0
01,299,583,104,0.041093744337558746,0.7517670342097821,0.6586845806885122,0.0,0.3293422903442561,0
01,300,583,104,0.04104985296726227,0.5816470778302836,0.6577355463699375,0.0,0.32886777318496874,0
01,301,583,105,0.04362909495830536,0.9474130619168788,0.7135048046290119,0.014829382094833159,0.36416709336192254,0
01,302,583,105,0.07157669216394424,0.6905771638596055,1.3177973726371528,0.0,0.6588986863185764,0
01,303,583,105,0.07749766856431961,0.562987196574982,1.445822762718863,0.0,0.7229113813594314,0
01,304,583,105,0.027636751532554626,0.5680358657457878,0.3677128495601467,0.0,0.18385642478007336,0
01,305,583,105,0.01955599896609783,0.6938487014822886,0.19298803569180817,0.0,0.09649401784590408,0
01,306,583,105,0.018253056332468987,0.8842845026051123,0.16481536151701354,0.008615354155362754,0.08671535783618814,0
01,307,583,107,0.014051028527319431,0.8589603780443481,0.07395766972578144,0.006122586709394983,0.04004012821758821,0
01,308,583,107,0.012537061236798763,0.5527686901732698,0.041222147772414015,0.0,0.020611073886207008,0
01,309,583,107,0.01155000738799572,0.40813441576800424,0.019879729650860333,0.0,0.009939864825430167,0
01,310,583,107,0.012251341715455055,0.46419483824063995,0.03504422192024059,0.0,0.017522110960120296,0
01,311,583,109,0.011421742849051952,1.3215800315036954,0.017106349633523074,0.05166031928693346,0.03438333446022827,0
01,312,583,109,0.012028640136122704,0.9729391332444758,0.03022889170476638,0.017342028069078242,0.023785459886922312,0
01,313,583,109,0.011675862595438957,0.6667878347267658,0.022601014273057697,0.0,0.011300507136528849,0
01,314,583,109,0.012129503302276134,0.47623086554384164,0.03240978980644615,0.0,0.016204894903223074,0
01,315,583,109,0.011212144047021866,0.44723130982673015,0.012574332179634929,0.0,0.0062871660898174645,0
01,316,583,110,0.012387838214635849,0.5324124560765765,0.03799559621575393,0.0,0.018997798107876964,0
01,317,583,111,0.012198944576084614,1.0392584514721919,0.0339112729345562,0.023870136755329275,0.028890704844942737,0
01,318,583,111,0.010235539637506008,0.726321741588916,0.0,0.0,0.0,0
01,319,583,112,0.009969872422516346,1.2263419362656,0.0,0.042285605351379416,0.021142802675689708,0
01,320,583,112,0.010919966734945774,0.8844864493719437,0.0062567737530896395,0.008635232683639924,0.007446003218364782,0
01,321,583,112,0.009163164533674717,0.6395654105577757,0.0,0.0,0.0,0
01,322,583,112,0.009788857772946358,0.5493759844904863,0.0,0.0,0.0,0
01,323,583,112,0.011481637135148048,0.5850397835130645,0.01840140450667408,0.0,0.00920070225333704,0
01,324,583,112,0.013643921352922916,0.7176380306151283,0.0651550582504389,0.0,0.03257752912521945,0
01,325,583,112,0.011531666852533817,0.9420816672725065,0.019483164279198207,0.014304588948313542,0.016893876613755875,0
01,326,583,112,0.013193629682064056,1.222666505109253,0.05541869672591131,0.041923816136733356,0.048671256431322335,0
01,327,583,112,0.01405191421508789,1.5355628256391618,0.07397682037161755,0.0727236078495142,0.07335021411056589,0
01,328,583,114,0.016967259347438812,0.5748212771113537,0.137013416458773,0.0,0.0685067082293865,0
01,329,583,114,0.017065251246094704,0.6087887232925401,0.13913223102615965,0.0,0.06956611551307983,0
01,330,583,114,0.013555995188653469,0.7396906175532135,0.06325388845718134,0.0,0.03162694422859067,0
01,331,583,114,0.011574127711355686,0.9590451956864177,0.02040126758620169,0.01597438532360317,0.01818782645490243,0
01,332,583,114,0.011613428592681885,1.135910174078114,0.02125104477194129,0.0333840003888242,0.027317522580382746,0
01,333,583,114,0.010137522593140602,1.3450866351629713,0.0,0.05397417997840614,0.02698708998920307,0
01,334,583,117,0.012604360468685627,1.2824427480916025,0.042677314932676465,0.04780786050680117,0.04524258771973882,0
01,335,583,117,0.009659630246460438,0.9847732137808475,0.0,0.018506909826125562,0.009253454913062781,0
01,336,583,117,0.01105100940912962,0.784038127549578,0.00909022356698751,0.0,0.004545111783493755,0
01,337,583,117,0.011287882924079895,0.7227674784926692,0.01421198425321694,0.0,0.00710599212660847,0
01,338,583,118,0.009136032313108444,0.9337614604790176,0.0,0.013485593583290621,0.006742796791645311,0
01,339,583,121,0.00941124465316534,3.369199079122743,0.0,0.2532166689013452,0.1266083344506726,0
01,340,583,121,0.016370315104722977,2.9729391332444757,0.12410608253900245,0.214211020715713,0.1691585516273577,0
01,341,583,121,0.011295762844383717,2.6089906700593715,0.014382366602764152,0.17838593705444183,0.09638415182860299,0
01,342,583,121,0.010465634055435658,2.2773536895674287,0.0,0.14574141791753162,0.07287070895876581,0
01,343,583,121,0.011795406229794025,1.9780281917686484,0.02518582788912323,0.11627746330498243,0.07073164559705283,0
01,344,583,121,0.010376572608947754,1.7110141766630298,0.0,0.0899940732167942,0.0449970366083971,0
01,345,583,121,0.012167039327323437,1.476311644250574,0.033221406662154784,0.06689124765296704,0.05005632715756091,0
01,346,583,121,0.010292930528521538,1.280706005896844,0.0,0.04763690516361667,0.023818452581808335,0
01,347,583,121,0.011681451462209225,1.154812391453611,0.0227218586743853,0.03524463063557511,0.028983244654980207,0
01,348,583,121,0.01136351190507412,1.1207641665656922,0.015847260116274596,0.03189311076802979,0.023870185442152192,0
01,349,583,121,0.011790141463279724,1.2465770023021916,0.025071991295104748,0.04427743388476037,0.03467471258993256,0
01,350,583,121,0.013699684292078018,1.4302273920594522,0.066360783717776,0.06235496750009723,0.06435787560893662,0
01,351,583,121,0.016060763970017433,1.6461892645098741,0.11741286133845844,0.08361306563979504,0.10051296348912674,0
01,352,583,121,0.01468227244913578,1.8944626196534589,0.08760664311505609,0.10805172830385389,0.09782918570945498,0
01,353,583,125,0.012396936304867268,1.7722040470132077,0.0381923182548423,0.09601726728480306,0.06710479276982267,0
01,354,583,125,0.011093777604401112,1.3844258653418955,0.010014972208508255,0.05784651728681558,0.03393074474766192,0
01,355,583,125,0.010170127265155315,1.2041277919140516,0.0,0.04009896724088128,0.02004948362044064,0
01,356,583,125,0.012402310967445374,1.0884526838725308,0.03830853105938514,0.028712546243668858,0.033510538651527,0
01,357,583,125,0.01216479204595089,1.0374005412173355,0.03317281517066945,0.02368725429517856,0.028430034732924006,0
01,358,583,125,0.01050934474915266,1.050971363948463,0.0,0.025023091395410126,0.012511545697705063,0
01,359,583,125,0.010987147688865662,1.1767841996849637,0.007709383466431806,0.03740741451214084,0.02255839898928632,0
01,360,583,125,0.0101943863555789,1.2124883880609074,0.0,0.0409219383115597,0.02046096915577985,0
01,361,583,125,0.010710250586271286,1.2805040591300139,0.0017222189896585398,0.04761702663533962,0.02466962281249908,0
01,362,583,126,0.00993302185088396,0.8808917969223314,0.0,0.008281394880304967,0.0041406974401524835,0
01,363,583,126,0.011206254363059998,0.9029847732137807,0.012446983405431341,0.010456105873836764,0.011451544639634052,0
01,364,583,126,0.010746992193162441,0.9897007148915542,0.002516658662508915,0.018991945916090564,0.010754302289299739,0
01,365,583,126,0.010436808690428734,1.1393432691142615,0.0,0.03372193536953747,0.016860967684768736,0
01,366,583,126,0.01071633119136095,1.3212973060301303,0.0018536959262137626,0.05163248934734531,0.026743092636779535,0
01,367,583,126,0.011382268741726875,1.5355628256391618,0.016252826895601015,0.0727236078495142,0.044488217372557606,0
01,368,583,126,0.01393871009349823,1.7736580637344,0.07152908188300361,0.0961603926883993,0.08384473728570145,0
01,369,583,126,0.01351722702383995,2.011753301829638,0.062415629851271665,0.11959717752728437,0.09100640368927801,0
01,370,583,127,0.011981046758592129,1.3910093299406285,0.029199811311324576,0.05849455730865426,0.04384718430998942,0
01,371,583,127,0.010808081366121769,1.6137970031099804,0.003837549790767958,0.08042454970412326,0.04213104974744561,0
01,372,583,127,0.01065707579255104,1.868896158972495,0.0005724552939077346,0.10553510662395332,0.05305378095893053,0
01,373,583,127,0.013793106190860271,2.1546104446867806,0.06838078417462866,0.1336592484306154,0.10102001630262203,0
01,374,583,128,0.011587550863623619,1.419928106951009,0.02069150760558757,0.06134116255795739,0.04101633508177248,0
01,375,583,129,0.011905284598469734,1.039016115351995,0.027561655803309437,0.02384628252139675,0.025703969162353093,0
01,376,583,129,0.01064278744161129,0.9794822084898447,0.0002635076509868846,0.017986092385261696,0.009124800018124291,0
01,377,583,131,0.011346468701958656,1.1718163092208902,0.01547874611122626,0.036918402716520346,0.026198574413873302,0
01,378,583,131,0.012533438391983509,0.959206753099885,0.04114381337461959,0.015990288146225124,0.028567050760422354,0
01,379,583,131,0.009719795547425747,0.8112201623652013,0.0,0.0014233026246516318,0.0007116513123258159,0
01,380,583,131,0.011376769281923771,0.7176784199684965,0.01613391568249662,0.0,0.00806695784124831,0
01,381,583,132,0.010512384586036205,0.9337614604790176,0.0,0.013485593583290621,0.006742796791645311,0
01,382,583,132,0.014576014131307602,0.773860010501234,0.08530908918653234,0.0,0.04265454459326617,0
01,383,583,132,0.01363459974527359,0.6513994910941473,0.0649535032407925,0.0,0.03247675162039625,0
01,384,583,133,0.010006074793636799,0.9338018498323818,0.0,0.013489569288945845,0.006744784644472922,0
01,385,583,133,0.010583161376416683,0.734803505795871,0.0,0.0,0.0,0
01,386,583,133,0.011156651191413403,0.6327396098388457,0.011374446551722086,0.0,0.005687223275861043,0
01,387,583,133,0.010236675851047039,0.6293065148026967,0.0,0.0,0.0,0
01,388,583,133,0.015533771365880966,0.7006745022012199,0.10601804582957206,0.0,0.05300902291478603,0
01,389,583,134,0.012442068196833134,0.6020840906337073,0.039168175560014014,0.0,0.019584087780007007,0
01,390,583,134,0.013576610945165157,0.586736136354457,0.06369964944164855,0.0,0.031849824720824274,0
01,391,583,134,0.011900896206498146,0.7159416777737372,0.027466768481353824,0.0,0.013733384240676912,0
01,392,583,134,0.01211265753954649,0.9420816672725072,0.032045544925390725,0.014304588948313608,0.023175066936852166,0
01,393,583,136,0.011186658404767513,0.7636818934528874,0.012023272849135055,0.0,0.006011636424567528,0
01,394,583,136,0.012175114825367928,0.5170241124439634,0.03339601786094026,0.0,0.01669800893047013,0
01,395,583,136,0.014779174700379372,0.45062401550951103,0.08970189695097244,0.0,0.04485094847548622,0
01,396,583,136,0.012398166581988335,0.5781332040874009,0.03821891973028869,0.0,0.019109459865144344,0
01,397,583,137,0.01059558242559433,0.43705319277838484,0.0,0.0,0.0,0
01,398,583,138,0.015033739618957043,0.8453895553132191,0.09520618725686844,0.004786749609163276,0.04999646843301586,0
01,399,583,138,0.01626443862915039,0.5664202916111297,0.12181678493518196,0.0,0.06090839246759098,0
01,400,583,138,0.013018334284424782,0.4183933115230792,0.05162839929103657,0.0,0.025814199645518284,0
01,401,583,139,0.010179546661674976,0.7994668605355619,0.0,0.0002663722789151523,0.00013318613945757614,0
01,402,583,139,0.011514243669807911,0.547720021002464,0.019106434224201257,0.0,0.009553217112100628,0
01,403,583,139,0.010461083613336086,0.4286118179247927,0.0,0.0,0.0,0
01,404,583,139,0.010857565328478813,0.4744537339957162,0.004907509060179607,0.0,0.0024537545300898035,0
01,405,583,139,0.010448822751641273,0.5900480633305049,0.0,0.0,0.0,0
01,406,583,139,0.014531141147017479,0.7974877822206078,0.08433883007225698,7.15627017982417e-05,0.04220519638702761,0
01,407,583,139,0.011969616636633873,1.0593723494486855,0.02895266527941429,0.02585003817174402,0.027401351725579157,0
01,408,583,141,0.017322277650237083,0.649743527606121,0.14468974442032573,0.0,0.07234487221016286,0
01,409,583,141,0.010352307930588722,0.48640898259218834,0.0,0.0,0.0,0
01,410,583,142,0.010479029268026352,0.80964497758391,0.0,0.0012682501040890608,0.0006341250520445304,0
01,411,583,142,0.015038046054542065,0.549375984490489,0.09529930248961944,0.0,0.04764965124480972,0
01,412,583,142,0.012101850472390652,0.4591461690698314,0.031811870798910895,0.0,0.015905935399455447,0
01,413,583,142,0.015484374016523361,0.5458217213942408,0.10494995933625163,0.0,0.05247497966812582,0
01,414,583,142,0.013552653603255749,0.7175572519083974,0.06318163554733908,0.0,0.03159081777366954,0
01,415,583,144,0.010767253115773201,0.988246698170362,0.0029547473062152825,0.018848820512494334,0.010901783909354808,0
01,416,583,145,0.01209346204996109,1.5596752695989333,0.03163049344134421,0.07509710412581853,0.05336379878358137,0
01,417,583,145,0.013516116887331009,1.1634153237206677,0.06239162609750021,0.03609145594018645,0.04924154101884333,0
01,418,583,145,0.015275469981133938,0.8487822609960001,0.10043296436584798,0.005120708884221075,0.052776836625034525,0
01,419,583,145,0.014654463157057762,0.6599620340078345,0.08700534102813023,0.0,0.04350267051406512,0
01,420,583,145,0.0125502347946167,0.5748616664647191,0.041506990974676784,0.0,0.020753495487338392,0
01,421,583,145,0.012692192569375038,0.6190072296942523,0.04457645085082419,0.0,0.022288225425412096,0
01,422,583,147,0.013428556732833385,1.3725917848055238,0.060498370293531396,0.05668163552976826,0.05859000291164983,0
01,423,583,148,0.011792282573878765,1.9406276505513145,0.025118287125575026,0.1125959598680347,0.06885712349680487,0
01,424,583,148,0.011718306690454483,1.5443677046730486,0.023518755107269328,0.0735903116824026,0.048554533394835966,0
01,425,583,148,0.009804422967135906,1.1872046528535074,0.0,0.03843314657124715,0.019216573285623574,0
01,426,583,148,0.011655883863568306,0.9252796962720614,0.02216902725468082,0.012650695395645744,0.01740986132516328,0
01,427,583,148,0.01077614352107048,0.7347631164425055,0.003146978710160168,0.0,0.001573489355080084,0
01,428,583,148,0.010144851170480251,0.6445736903752161,0.0,0.0,0.0,0
01,429,583,148,0.012756895273923874,0.7465568076255076,0.045975475003104414,0.0,0.022987737501552207,0
01,430,583,148,0.010709007270634174,0.9454743729552875,0.001695335590929604,0.014638548223371342,0.008166941907150473,0
01,431,583,148,0.014714476652443409,1.1767438103315957,0.08830297348557885,0.03740343880648523,0.06285320614603204,0
01,432,583,149,0.011576587334275246,0.7652570782341787,0.020454450399717133,0.0,0.010227225199858567,0
01,433,583,149,0.01427102368324995,0.9250777495052314,0.07871448072274907,0.012630816867368704,0.04567264879505889,0
01,434,583,149,0.014591318555176258,1.1750474574902052,0.08564000670811481,0.037236459168956335,0.06143823293853557,0
01,435,583,149,0.009372116066515446,1.4879437780201141,0.0,0.06803625088173718,0.03401812544086859,0
01,436,583,149,0.011412389576435089,1.7260390161153523,0.01690410995304764,0.09147303572062228,0.05418857283683496,0
01,437,583,149,0.012182568199932575,1.9165152065915427,0.033557177291672596,0.11022246359173034,0.07188982044170147,0
01,438,583,149,0.011189627461135387,2.106991397067733,0.0120874708080473,0.1289718914628384,0.07052968113544286,0
01,439,583,152,0.011784881353378296,0.9898218829516561,0.02495825538797289,0.019003873033057166,0.021981064210515027,0
01,440,583,152,0.01149333082139492,0.8894543398360213,0.018654249416367355,0.009124244479260817,0.013889246947814085,0
01,441,583,152,0.01069317664951086,0.8587988206308834,0.0013530404511584782,0.006106683886773288,0.0037298621689658834,0
01,442,583,152,0.012261596508324146,0.9250777495052314,0.03526595458196667,0.012630816867368704,0.02394838572466769,0
01,443,583,152,0.011171388439834118,0.9811785613312338,0.011693100410513607,0.018153072022790463,0.014923086216652035,0
01,444,583,152,0.015058400109410286,1.0474978795589498,0.09573940487105832,0.024681180709041486,0.060210292790049906,0
01,445,583,152,0.01662944070994854,1.1461286804798259,0.1297089855816592,0.03438985391965331,0.08204941975065624,0
01,446,583,154,0.010883050970733166,0.8214790581202775,0.0054585683906794805,0.0024331318611359775,0.003945850125907729,0
01,447,583,154,0.01184837892651558,0.6445736903752161,0.0263312217739945,0.0,0.01316561088699725,0
01,448,583,154,0.011871078051626682,0.5646027707096402,0.02682203007153784,0.0,0.01341101503576892,0
01,449,583,155,0.013034193776547909,0.7943374126580225,0.051971318689504775,0.0,0.025985659344752388,0
01,450,583,155,0.013153367675840855,0.6072135385112474,0.05454813776677226,0.0,0.02727406888338613,0
01,451,583,155,0.01223066821694374,0.5493355951371208,0.03459721241837923,0.0,0.017298606209189615,0
01,452,583,155,0.012334045954048634,0.6190072296942523,0.03683248143883662,0.0,0.01841624071941831,0
01,453,583,155,0.011828521266579628,0.7261197948220832,0.025901852614669877,0.0,0.012950926307334939,0
01,454,583,155,0.010577513836324215,0.8978553253362398,0.0,0.009951191255594318,0.004975595627797159,0
01,455,583,157,0.009934742003679276,0.855527283008199,0.0,0.0057846517286815665,0.0028923258643407833,0
01,456,583,157,0.010765704326331615,0.6530958439355391,0.002921258847723732,0.0,0.001460629423861866,0
01,457,583,157,0.010021201334893703,0.579910335635525,0.0,0.0,0.0,0
01,458,583,157,0.011073176749050617,0.630881699583988,0.009569533422078245,0.0,0.004784766711039123,0
01,459,583,157,0.01531892642378807,0.7787875116119394,0.10137259452921193,0.0,0.05068629726460597,0
01,460,583,157,0.01094853039830923,0.9641342542105904,0.006874387115648789,0.016475324236189998,0.011674855675919393,0
01,461,583,157,0.012451189570128918,1.2022294923058285,0.03936540103353551,0.039912109075075086,0.039638755054305294,0
01,462,583,158,0.010323651134967804,0.6308413102306225,0.0,0.0,0.0,0
01,463,583,160,0.01057896763086319,1.131103841027505,0.0,0.03291089141582539,0.016455445707912696,0
01,464,583,160,0.013397462666034698,0.806211882547761,0.05982604367678009,0.0009303151233756559,0.030378179400077875,0
01,465,583,160,0.01141493022441864,0.6105658548406628,0.016959044718390364,0.0,0.008479522359195182,0
01,466,583,161,0.013916157186031342,0.9423240033927048,0.0710414351537003,0.01432844318224621,0.04268493916797326,0
01,467,583,161,0.01187623105943203,0.6922735167009973,0.026933450180277315,0.0,0.013466725090138658,0
01,468,583,163,0.010511225089430809,2.1787228886465524,0.0,0.13603274470691976,0.06801637235345988,0
01,469,583,163,0.015825942158699036,1.7824629427682868,0.11233546329447608,0.09702709652128769,0.10468127990788188,0
01,470,583,163,0.011883869767189026,1.4661335272022287,0.027098616949097338,0.0658893698277934,0.04649399338844537,0
01,471,583,164,0.012695162557065487,1.9423240033927047,0.044640668947113764,0.11276293950556357,0.07870180422633867,0
01,472,583,164,0.01154359057545662,1.5800718930489923,0.01974098312109077,0.07710483548182145,0.04842290930145611,0
01,473,583,164,0.011802894994616508,1.2824427480916025,0.025347752540193922,0.04780786050680117,0.03657780652349755,0
01,474,583,164,0.012879404239356518,1.0477402156791453,0.04862440602857289,0.02470503494297388,0.036664720485773385,0
01,475,583,165,0.010447991080582142,1.2535239710812207,0.0,0.04496125525749791,0.022480627628748955,0
01,476,583,165,0.011487207375466824,1.039218062118825,0.018521846160455182,0.02386616104967378,0.02119400360506448,0
01,477,583,165,0.009974433109164238,0.9184538955531314,0.0,0.01197880113987453,0.005989400569937265,0
01,478,583,165,0.011590338312089443,0.8758835171048897,0.020751778775921433,0.007788407379028848,0.01427009307747514,0
01,479,583,167,0.01078700553625822,1.5596752695989333,0.0033818409419021753,0.07509710412581853,0.039239472533860356,0
01,480,583,167,0.009572723880410194,1.1276707459913584,0.0,0.032572956435112224,0.016286478217556112,0
01,481,583,167,0.010049708187580109,0.7959933761460475,0.0,0.0,0.0,0
01,482,583,167,0.008285271935164928,0.5935619370733848,0.0,0.0,0.0,0
01,483,583,168,0.011402233503758907,0.7058847287854917,0.016684511853318016,0.0,0.008342255926659008,0
01,484,583,168,0.01185630913823843,0.5085423482370085,0.026502691541917263,0.0,0.013251345770958631,0
01,485,583,168,0.013389743864536285,0.47275738115432847,0.05965914509351012,0.0,0.02982957254675506,0
01,486,583,170,0.012529279105365276,1.4168181267417905,0.04105387984748594,0.06103503322248748,0.05104445653498671,0
01,487,583,170,0.010770196095108986,1.020558180863525,0.0030183814185624266,0.022029385036855406,0.012523883227708917,0
01,488,583,171,0.010059742256999016,1.5120562219798859,0.0,0.07040974715804153,0.035204873579020766,0
01,489,583,171,0.009777987375855446,1.1651116765620582,0.0,0.03625843557771535,0.018129217788857677,0
01,490,583,171,0.012006515637040138,0.8827900965305533,0.0297505081690326,0.008468253046111035,0.019109380607571818,0
01,491,583,171,0.013096450828015804,0.670180540409548,0.05331746208892942,0.0,0.02665873104446471,0
01,492,583,171,0.015267410315573215,0.5749020558180873,0.10025869550247704,0.0,0.05012934775123852,0
01,493,583,171,0.010506397113204002,0.5867361363544549,0.0,0.0,0.0,0
01,494,583,171,0.012422005645930767,0.7278161476634737,0.03873437617767788,0.0,0.01936718808883894,0
01,495,583,171,0.01065749116241932,0.9862676198554051,0.0005814365641947049,0.01865401093537715,0.009617723749785928,0
01,496,583,171,0.011702461168169975,1.249848539924876,0.023176137769461,0.04459946604285209,0.03388780190615655,0
01,497,583,172,0.014744332060217857,0.7499091239549257,0.08894851739048783,0.0,0.044474258695243914,0
01,498,583,172,0.011976326815783978,0.9675673492467395,0.029097755083041243,0.016813259216903412,0.022955507149972326,0
01,499,583,172,0.010250448249280453,1.249848539924876,0.0,0.04459946604285209,0.022299733021426044,0
01,500,583,173,0.010200505144894123,0.7192536047497878,0.0,0.0,0.0,0
01,501,583,173,0.01175976824015379,0.880811018215599,0.024415251008403034,0.008273443468994114,0.016344347238698573,0
01,502,583,173,0.010664002038538456,1.1069913970677332,0.000722216969074099,0.030537395139521042,0.01562980605429757,0
01,503,583,173,0.011986211873590946,1.392705682782019,0.029311493205969277,0.05866153694618316,0.04398651507607622,0
01,504,583,173,0.010652488097548485,1.6308009208772571,0.00047325857320455983,0.08209832178506825,0.0412857901791364,0
01,505,583,173,0.011077632196247578,1.868896158972495,0.009665870635201265,0.10553510662395332,0.05760048862957729,0
01,506,583,173,0.012068841606378555,2.106991397067733,0.031098141734379303,0.1289718914628384,0.08003501659860886,0
01,507,583,173,0.01120162196457386,2.249848539924876,0.012346820090616564,0.14303396236616947,0.07769039122839302,0
01,508,583,175,0.013857184909284115,0.9556524900036355,0.0697663162841011,0.01564042604854525,0.042703371166323174,0
01,509,583,175,0.013965743593871593,0.9879639726967983,0.0721136095346177,0.018820990572906312,0.04546730005376201,0
01,510,583,175,0.015642808750271797,1.0525869380831212,0.10837568969203375,0.025182119621628182,0.06677890465683096,0
01,511,583,175,0.01524246484041214,1.1495213861626068,0.09971931585082569,0.03472381319471111,0.0672215645227684,0
01,512,583,175,0.01360213290899992,1.2787673169352554,0.0642514941298641,0.04744607129215511,0.055848782711009605,0
01,513,583,175,0.016459809616208076,1.4403247304010667,0.1260411636756754,0.06334889391396017,0.09469502879481778,0
01,514,583,179,0.013303474523127079,2.1787228886465524,0.057793799694513814,0.13603274470691976,0.09691327220071679,0
01,515,583,179,0.014128883369266987,1.8300819903873342,0.07564107392064595,0.10171445348906469,0.08867776370485532,0
01,516,583,179,0.018475161865353584,1.5137525748212763,0.16961780381099972,0.07057672679557044,0.12009726530328507,0
01,517,583,179,0.015511028468608856,1.229734641948381,0.10552629107529445,0.04261956462643721,0.07407292785086583,0
01,518,583,179,0.014595589600503445,1.0358253564360413,0.08573235672052747,0.023532201774615718,0.054632279247571594,0
01,519,583,179,0.012227372266352177,0.9065390363100275,0.0345259462400259,0.010805967971516377,0.022665957105771135,0
01,520,583,181,0.013038805685937405,1.9440203562340952,0.0520710389820184,0.11292991914309247,0.08250047906255543,0
01,521,583,181,0.015185754746198654,1.6310836463508207,0.098493110670749,0.08212615172465625,0.09030963119770263,0
01,522,583,181,0.017978815361857414,1.382769901853869,0.1588856288403713,0.057683513354941894,0.1082845710976566,0
01,523,583,181,0.014900542795658112,1.1990791227432431,0.09232615968921773,0.039602004033949686,0.0659640818615837,0
01,524,583,181,0.012530372478067875,1.08001130901894,0.041077521128465536,0.027881623761679335,0.03447957244507244,0
01,525,583,181,0.012092462740838528,1.0255664606809625,0.03160888603547443,0.022522372538131108,0.02706562928680277,0
01,526,583,181,0.01665547676384449,1.0425299890948723,0.13027194610215817,0.024192168913420603,0.07723205750778939,0
01,527,583,181,0.016188479959964752,1.1241164828951076,0.12017438044055123,0.03222309433743222,0.07619873738899173,0
01,528,583,183,0.015210671350359917,1.0221737549981815,0.09903186606370327,0.02218841326307331,0.060610139663388296,0
01,529,583,183,0.013346235267817974,0.8775798699462828,0.05871838723701596,0.00795538701655801,0.033336887126786986,0
01,530,583,184,0.012517794035375118,1.0800113090189427,0.04080554571031347,0.0278816237616796,0.03434358473599654,0
01,531,583,184,0.015672601759433746,0.8282644694858448,0.10901988439266196,0.0031010504112520985,0.056060467401957026,0
01,532,583,184,0.012712354771792889,0.7057635607253926,0.045012404932534104,0.0,0.022506202466267052,0
01,533,583,184,0.016265109181404114,0.7108122298962011,0.12183128384685599,0.0,0.06091564192342799,0
01,534,583,184,0.013940643519163132,0.8127953471464926,0.07157088707833041,0.0015783551452141918,0.0365746211117723,0
01,535,583,185,0.0144320297986269,0.4778464396784998,0.08219581037732564,0.0,0.04109790518866282,0
01,536,583,185,0.016536569222807884,0.5237287451027915,0.12770088631480564,0.0,0.06385044315740282,0
01,537,583,185,0.013518503867089748,0.6665454986065689,0.0624432381955843,0.0,0.03122161909779215,0
01,538,583,185,0.012743008323013783,0.8944222303000935,0.04567520656981065,0.009613256274881176,0.027644231422345913,0
01,539,583,185,0.01698688603937626,1.1546104446867809,0.137437791548521,0.035224752107298064,0.08633127182790953,0
01,540,583,186,0.012952220626175404,0.6614564400823949,0.050198867012108905,0.0,0.025099433506054453,0
01,541,583,186,0.01497015543282032,0.7804838644533325,0.0938313480947556,0.0,0.0469156740473778,0
01,542,583,186,0.014427912421524525,0.9641342542105904,0.0821067830321716,0.016475324236189998,0.0492910536341808,0
01,543,583,186,0.01423199288547039,1.2022294923058285,0.07787054337643373,0.039912109075075086,0.05889132622575441,0
01,544,583,187,0.016841541975736618,0.632537663072013,0.13429511216841974,0.0,0.06714755608420987,0
01,545,583,187,0.012878195382654667,0.8042731935861722,0.04859826771280498,0.0007394812519140896,0.024668874482359535,0
01,546,583,187,0.013107635080814362,1.0593723494486855,0.053559291853225895,0.02585003817174402,0.03970466501248496,0
01,547,583,187,0.017661552876234055,1.3450866351629713,0.15202567015557591,0.05397417997840614,0.10299992506699103,0
01,548,583,187,0.014368360862135887,1.6308009208772571,0.0808191387138762,0.08209832178506825,0.08145873024947223,0
01,549,583,189,0.01366776879876852,0.6461892645098782,0.06567069593422402,0.0,0.03283534796711201,0
01,550,583,189,0.01358032412827015,0.6240558988650607,0.0637799371650435,0.0,0.03188996858252175,0
01,551,583,190,0.015986299142241478,0.6888000323114828,0.11580275719705709,0.0,0.05790137859852854,0
01,552,583,190,0.01415952667593956,0.5169837230905953,0.07630365404677193,0.0,0.038151827023385966,0
01,553,583,190,0.013676516711711884,0.46932428611818217,0.06585984631943817,0.0,0.032929923159719085,0
01,554,583,190,0.011451463215053082,0.5492144270770244,0.01774897361871993,0.0,0.008874486809359965,0
01,555,583,191,0.013733739033341408,0.49662748899389914,0.06709712705704363,0.0,0.03354856352852181,0
01,556,583,191,0.01267342921346426,0.3928268508421181,0.0441707431098565,0.0,0.02208537155492825,0
01,557,583,191,0.01252367626875639,0.4471909204733647,0.04093273338549846,0.0,0.02046636669274923,0
01,558,583,193,0.014180806465446949,1.3691990791227429,0.0767637729812719,0.05634767625471046,0.06655572461799118,0
01,559,583,193,0.013007243163883686,1.020558180863525,0.051388583264472605,0.022029385036855406,0.03670898415066401,0
01,560,583,193,0.01446620188653469,0.7093178238216408,0.08293469102613621,0.0,0.041467345513068105,0
01,561,583,193,0.017352819442749023,0.5204975968334725,0.1453501295723233,0.0,0.07267506478616165,0
01,562,583,194,0.011521364562213421,0.9287127913082104,0.019260404611228552,0.012988630376359148,0.01612451749379385,0
01,563,583,194,0.013568094931542873,0.6531766226422727,0.06351551326338833,0.0,0.03175775663169417,0
01,564,583,195,0.013403289020061493,1.0868774990912382,0.05995202310932558,0.02855749372310617,0.04425475841621587,0
01,565,583,195,0.011117170564830303,0.7756371420493541,0.010520782852158751,0.0,0.0052603914260793755,0
01,566,583,195,0.01029924862086773,0.5698129972939106,0.0,0.0,0.0,0
01,567,583,195,0.011043651960790157,0.5085019588836376,0.008931138286119649,0.0,0.004465569143059824,0
01,568,583,196,0.012411338277161121,0.5936427157801185,0.03850372265779681,0.0,0.019251861328898404,0
01,569,583,196,0.013911912217736244,0.3792964174643546,0.07094964898785275,0.0,0.035474824493926374,0
01,570,583,196,0.01274283416569233,0.4268346863766686,0.04567144088025087,0.0,0.022835720440125436,0
01,571,583,196,0.015001603402197361,0.629144957389232,0.0945113269148904,0.0,0.0472556634574452,0
01,572,583,196,0.012254975736141205,0.8688961589724952,0.035122797966562924,0.007100610300635962,0.021111704133599443,0
01,573,583,196,0.01358047965914011,1.1546104446867809,0.06378330010705678,0.035224752107298064,0.049504026107177426,0
01,574,583,196,0.013119697570800781,1.4403247304010667,0.053820111164339886,0.06334889391396017,0.05858450253915003,0
01,575,583,196,0.013727230951189995,1.7260390161153523,0.0669564070642962,0.09147303572062228,0.07921472139245925,0
01,576,583,196,0.014074084348976612,1.9641342542105904,0.07445619063884026,0.11490982055950737,0.09468300559917381,0
01,577,583,196,0.012948866002261639,2.2022294923058285,0.050126332178984094,0.13834660539839247,0.09423646878868829,0
01,578,583,196,0.01417466439306736,2.4403247304010667,0.07663096697781323,0.16178339023727756,0.1192071786075454,0
01,579,583,196,0.013145238161087036,2.5831818732582095,0.054372358600101936,0.1758454611406086,0.11510890987035527,0
01,580,583,196,0.014080362394452095,2.7260390161153523,0.0745919366993884,0.18990753204393965,0.13224973437166404,0
01,581,583,196,0.014250879175961018,2.868896158972495,0.07827890925120833,0.20396960294727068,0.1411242560992395,0
01,582,583,196,0.01712297648191452,3.011753301829638,0.14038038594752061,0.21803167385060176,0.1792060298990612,0
02,35,595,11,0.033994823694229126,0.35716305181954056,0.5051892746670659,0.0,0.25259463733353293,0
02,36,595,11,0.03597753494977951,0.29076295488509224,0.548060140001902,0.0,0.274030070000951,0
02,37,595,11,0.03430478274822235,0.4148390484268357,0.5118913160388782,0.0,0.2559456580194391,0
02,38,595,12,0.034232646226882935,0.3351104648814554,0.5103315553407894,0.0,0.2551657776703947,0
02,39,595,12,0.034293510019779205,0.26358092006947026,0.5116475732237359,0.0,0.25582378661186794,0
02,40,595,13,0.03440679609775543,0.5647643281231054,0.5140970838015544,0.0,0.2570485419007772,0
02,41,595,13,0.03359386324882507,0.28405832222626143,0.4965195698820686,0.0,0.2482597849410343,0
02,42,595,13,0.034354448318481445,0.27715174280059784,0.5129652020968682,0.0,0.2564826010484341,0
02,43,595,15,0.03553061559796333,1.4168181267417905,0.5383966959206684,0.06103503322248748,0.29971586457157795,0
02,44,595,16,0.03477855399250984,1.988246698170362,0.5221353609831475,0.1172833168358117,0.3197093389094796,0
02,45,595,16,0.03493413329124451,1.5919867522920963,0.525499350140051,0.07827766865017961,0.3018885093951153,0
02,46,595,16,0.03454916924238205,1.2297346419483823,0.5171755249479888,0.042619564626437345,0.27989754478721307,0
02,47,595,16,0.034990716725587845,0.9780281917686499,0.5267228166368115,0.017842966981665202,0.27228289180923837,0
02,48,595,16,0.03457855433225632,0.7586332242820788,0.5178108994773486,0.0,0.2589054497386743,0
02,49,595,16,0.035431843250989914,0.5868169150611886,0.5362610062310833,0.0,0.26813050311554165,0
02,50,595,16,0.03532116860151291,0.5748212771113523,0.5338679608592842,0.0,0.2669339804296421,0
02,51,595,16,0.03607042878866196,0.7243830526273273,0.5500687225658113,0.0,0.27503436128290565,0
02,52,595,16,0.03528425097465515,0.9641342542105904,0.5330697152221194,0.016475324236189998,0.27477251972915473,0
02,53,595,16,0.034850217401981354,1.249848539924876,0.5236848918935552,0.04459946604285209,0.2841421789682036,0
02,54,595,16,0.033320873975753784,1.5355628256391618,0.49061690184055123,0.0727236078495142,0.2816702548450327,0
02,55,595,16,0.03435514494776726,1.8212771113534476,0.5129802648551074,0.10084774965617632,0.3069140072556419,0
02,56,595,16,0.032181743532419205,2.0593723494486857,0.4659862312382135,0.12428453449506141,0.29513538286663743,0
02,57,595,16,0.03065652959048748,2.297467587543924,0.4330075303162688,0.1477213193339465,0.29036442482510766,0
02,58,595,16,0.03024374693632126,2.535562825639162,0.42408220166350746,0.1711581041728316,0.2976201529181695,0
02,59,595,16,0.02881821244955063,2.7260390161153523,0.39325880423666243,0.18990753204393965,0.29158316814030105,0
02,60,595,16,0.03185468539595604,2.916515206591543,0.4589144676187133,0.20865695991504776,0.33378571376688054,0
02,61,595,16,0.0327153317630291,3.0593723494486857,0.47752365965331584,0.22271903081837877,0.3501213452358473,0
02,62,595,16,0.03266642242670059,3.2022294923058285,0.47646612514571374,0.23678110172170985,0.3566236134337118,0
02,63,595,16,0.02985973097383976,3.3450866351629713,0.4157788763215621,0.25084317262504086,0.33331102447330146,0
02,64,595,17,0.03564956784248352,2.53386647279777,0.5409687223021324,0.17099112453530255,0.3559799234187175,0
02,65,595,17,0.02927355095744133,2.5185589078718853,0.4031042902089144,0.1694843320918866,0.2862943111504005,0
02,66,595,18,0.033488012850284576,1.8604143947655396,0.4942308361248132,0.10470020843630852,0.2994655222805609,0
02,67,595,18,0.03122139349579811,1.7991841350619975,0.44522121213670085,0.09867303866264443,0.27194712539967264,0
02,68,595,18,0.031199032440781593,1.8025768407447798,0.4447377137071265,0.09900699793770236,0.2718723558224144,0
02,69,595,19,0.0322512723505497,1.2788077062886214,0.4674896072797921,0.047450046997810524,0.2574698271388013,0
02,70,595,19,0.030422935262322426,1.2056625873419768,0.4279566733356009,0.04025004405578843,0.23410335869569465,0
02,71,595,20,0.03079514391720295,0.9744335393190355,0.4360046970078193,0.017489129178330037,0.22674691309307465,0
02,72,595,20,0.03118589147925377,0.8213578900601805,0.4444535753130701,0.002421204744169846,0.22343739002861998,0
02,73,595,20,0.03082096390426159,0.7703057474049838,0.43656298565677887,0.0,0.21828149282838943,0
02,74,595,20,0.03049585595726967,0.8468031826810465,0.4295333897053973,0.004925899307104218,0.21722964450625076,0
02,75,595,20,0.0326826348900795,1.0117533018296387,0.4768166766101881,0.021162681203967085,0.2489896789070776,0
02,76,595,21,0.03255344554781914,0.4761096974837439,0.4740233001771671,0.0,0.23701165008858355,0
02,77,595,21,0.0312693752348423,0.542388626358093,0.4462586898164872,0.0,0.2231293449082436,0
02,78,595,21,0.029812922701239586,0.7260390161153523,0.4147667717372053,0.0,0.20738338586860264,0
02,79,595,21,0.030405469238758087,0.9641342542105904,0.42757901696124695,0.016475324236189998,0.22202717059871846,0
02,80,595,23,0.030515985563397408,0.707621470980249,0.42996863897890086,0.0,0.21498431948945043,0
02,81,595,23,0.03221233934164047,0.45926733712993323,0.4666477843580959,0.0,0.23332389217904795,0
02,82,595,23,0.03090725466609001,0.3537299567833922,0.43842879421545367,0.0,0.21921439710772683,0
02,83,595,23,0.03150452673435211,0.435276061230258,0.4513432164920426,0.0,0.2256716082460213,0
02,84,595,25,0.03202943503856659,1.2739609838846477,0.46269296455047554,0.04697296231915644,0.254832963434816,0
02,85,595,25,0.02954166941344738,0.9253200856254296,0.4089016397670218,0.01265467110130136,0.2107781554341616,0
02,86,595,25,0.03161220625042915,0.62086513994911,0.4536715000583644,0.0,0.2268357500291822,0
02,87,595,25,0.03130536898970604,0.471141807019669,0.4470369591753456,0.0,0.2235184795876728,0
02,88,595,25,0.031339190900325775,0.45744981622844233,0.4477682681702819,0.0,0.22388413408514096,0
02,89,595,25,0.030802015215158463,0.5951371218546802,0.4361532705777235,0.0,0.21807663528886176,0
02,90,595,25,0.0313241071999073,0.7991841350619983,0.44744212320712545,0.00023854233932714083,0.2238403327732263,0
02,91,595,27,0.030716422945261,0.8844864493719451,0.4343025650520425,0.008635232683640066,0.2214688988678413,0
02,92,595,27,0.032580502331256866,0.6582656811664455,0.47460833126321433,0.0,0.23730416563160717,0
02,93,595,29,0.03160635009407997,2.083484793408457,0.4535448762297445,0.12665803077136573,0.2901014535005551,0
02,94,595,29,0.03111766278743744,1.6872248475301914,0.4429783110502373,0.08765238258573364,0.26531534681798546,0
02,95,595,29,0.030958276242017746,1.3232763843450872,0.439532000294829,0.051827298924462493,0.24567964960964572,0
02,96,595,29,0.030402354896068573,0.9984248152187087,0.427511677571472,0.019850698337668112,0.22368118795457007,0
02,97,595,29,0.031021030619740486,0.7892079647804844,0.4408888970537452,0.0,0.2204444485268726,0
02,98,595,29,0.02908666618168354,0.687103679470091,0.3990634032506068,0.0,0.1995317016253034,0
02,99,595,29,0.0292575154453516,0.7108526192495652,0.4027575648461318,0.0,0.2013787824230659,0
02,100,595,32,0.030063394457101822,2.131103841027505,0.4201825582697577,0.13134538773914275,0.2757639730044502,0
02,101,595,32,0.029706787317991257,1.734843895149239,0.41247187594248846,0.09233973955351066,0.2524058077479996,0
02,102,595,32,0.029016800224781036,1.3759844904883074,0.39755273747843656,0.05701559480482632,0.22728416614163144,0
02,103,595,32,0.030496539548039436,1.0817480512136999,0.4295481705403539,0.028052579104863973,0.22880037482260893,0
02,104,595,32,0.026965582743287086,0.8521345773254168,0.3532006069423247,0.005450692453623638,0.17932564969797415,0
02,105,595,32,0.031871914863586426,0.7823821640615544,0.4592870090992266,0.0,0.2296435045496133,0
02,106,595,32,0.028885750100016594,0.7857344803909698,0.39471912656552005,0.0,0.19735956328276003,0
02,107,595,32,0.02967109903693199,0.8860212447998709,0.4117002116433927,0.00878630949854727,0.21024326057096998,0
02,108,595,32,0.032499540597200394,1.074760693081304,0.47285774877759346,0.027364782026470955,0.2501112654020322,0
02,109,595,32,0.025497090071439743,1.3230340482248875,0.3214483528489846,0.05180344469052968,0.18662589876975713,0
02,110,595,32,0.03153035789728165,1.6036188860616338,0.4519017467895301,0.0794226718789495,0.2656622093342398,0
02,111,595,32,0.025266703218221664,1.9165152065915427,0.3164668489958241,0.11022246359173034,0.21334465629377722,0
02,112,595,32,0.025815540924668312,2.1546104446867806,0.3283340068272467,0.1336592484306154,0.23099662762893108,0
02,113,595,32,0.02564607374370098,2.392705682782019,0.3246697290996721,0.1570960332695005,0.2408828811845863,0
02,114,595,33,0.021815801039338112,1.6767236156549128,0.2418502540779012,0.08661869911531622,0.16423447659660872,0
02,115,595,33,0.02358858473598957,1.8042731935861709,0.28018199346465344,0.09917397757523133,0.1896779855199424,0
02,116,595,33,0.02135678566992283,1.9641342542105904,0.2319252657399699,0.11490982055950737,0.17341754314973865,0
02,117,595,36,0.018251361325383186,1.2279171210468907,0.16477871149028195,0.04244065787194191,0.10360968468111192,0
02,118,595,36,0.019498001784086227,1.127549577931256,0.19173400065626828,0.032561029318145585,0.11214751498720693,0
02,119,595,36,0.018595872446894646,1.0918050002019455,0.17222784956085352,0.029042529813071226,0.10063518968696238,0
02,120,595,36,0.01654881238937378,1.1206833878589593,0.1279656122771207,0.03188515935671888,0.07992538581691978,0
02,121,595,36,0.019021816551685333,1.0594531281554171,0.18143775962997244,0.025857989583054797,0.10364787460651362,0
02,122,595,36,0.016034340485930443,1.030534351145038,0.11684152366899224,0.023011384333751796,0.06992645400137201,0
02,123,595,38,0.01743895374238491,1.1667272506967155,0.14721255505160746,0.03641746380393332,0.09181500942777039,0
02,124,595,38,0.01724034547805786,0.9490286360515363,0.14291817878753216,0.01498841032105115,0.07895329455429165,0
02,125,595,38,0.02003774419426918,0.7959529867926813,0.20340449686073453,0.0,0.10170224843036726,0
02,126,595,38,0.01642194762825966,0.7075003029201505,0.12522249873790298,0.0,0.06261124936895149,0
02,127,595,38,0.01529320701956749,0.6836705844339439,0.10081648071700347,0.0,0.050408240358501735,0
02,128,595,38,0.01672092266380787,0.7244638313340617,0.13168703988154376,0.0,0.06584351994077188,0
02,129,595,38,0.016194667667150497,0.8349691021446762,0.12030817317549884,0.003761017550057039,0.06203459536277794,0
02,130,595,38,0.019417021423578262,1.010097338341615,0.18998301542310092,0.02099967727209366,0.1054913463475973,0
02,131,595,40,0.019439995288848877,0.8793166121410381,0.19047976424695515,0.008126342359742198,0.09930305330334867,0
02,132,595,40,0.019428832456469536,0.7347227270891393,0.19023839764233713,0.0,0.09511919882116857,0
02,133,595,42,0.018590228632092476,1.7977705076941708,0.17210581705426375,0.09853388896470355,0.13531985300948365,0
02,134,595,42,0.014284469187259674,1.3538915141968575,0.07900520403919076,0.054840883811294455,0.0669230439252426,0
02,135,595,42,0.01722284033894539,1.0069065794256629,0.14253967664333062,0.02068559652531278,0.08161263658432169,0
02,136,595,42,0.015872608870267868,0.756856092733954,0.11334450699747946,0.0,0.05667225349873973,0
02,137,595,42,0.018541768193244934,0.6071327598045144,0.17105798876253234,0.0,0.08552899438126617,0
02,138,595,42,0.017964940518140793,0.6223999353770338,0.15858562219298278,0.0,0.07929281109649139,0
02,139,595,44,0.023043664172291756,1.3725917848055245,0.2683995334422599,0.05668163552976833,0.16254058448601413,0
02,140,595,44,0.0237500611692667,1.05965507492225,0.28367349249477913,0.02587786811133211,0.1547756803030556,0
02,141,595,45,0.020957648754119873,1.5596752695989327,0.2232949899397751,0.07509710412581846,0.14919604703279676,0
02,142,595,45,0.01863737776875496,1.1702007350862313,0.1731252919187215,0.03675937449030223,0.10494233320451186,0
02,143,595,45,0.01579873450100422,0.8776606486530157,0.1117471699533022,0.007963338427868918,0.05985525419058556,0
02,144,595,45,0.020403478294610977,0.7755967526959906,0.21131252548578924,0.0,0.10565626274289462,0
02,145,595,45,0.01705818623304367,0.7381558221252897,0.13897946888177184,0.0,0.06948973444088592,0
02,146,595,45,0.02227357029914856,0.7738196211478665,0.25174829860497155,0.0,0.12587414930248578,0
02,147,595,45,0.020320501178503036,0.9064178682499304,0.20951836571563698,0.010794040854550246,0.11015620328509361,0
02,148,595,45,0.01840430498123169,1.1223797407003524,0.1680857118693556,0.032052138994248046,0.10006892543180182,0
02,149,595,45,0.021376367658376694,1.3706530958439358,0.23234867423560632,0.05649080165830677,0.14441973794695653,0
02,150,595,46,0.0223163403570652,0.8876368189345284,0.25267308752124695,0.008945337724765263,0.1308092126230061,0
02,151,595,46,0.022041624411940575,1.0899874793004574,0.24673308478216896,0.02886362305857614,0.13779835392037254,0
02,152,595,46,0.019353777170181274,1.345086635162972,0.1886155264037117,0.0539741799784062,0.12129485319105895,0
02,153,595,48,0.0173934455960989,0.7261601841754507,0.14622856224599642,0.0,0.07311428112299821,0
02,154,595,49,0.02062411606311798,0.994991720182559,0.21608323127311116,0.019512763356954628,0.11779799731503289,0
02,155,595,49,0.023057354614138603,0.8061714931943934,0.2686955528889381,0.0009263394177200929,0.1348109461533291,0
02,156,595,49,0.019693870097398758,0.7075003029201492,0.19596913275625327,0.0,0.09798456637812664,0
02,157,595,49,0.023133013397455215,0.7040672078840001,0.27033147314807016,0.0,0.13516573657403508,0
02,158,595,49,0.020855577662587166,0.7652570782341767,0.22108797365970476,0.0,0.11054398682985238,0
02,159,595,49,0.025372829288244247,0.8961589724948514,0.3187615434167677,0.009784211618065627,0.16427287751741668,0
02,160,595,49,0.02500246837735176,1.0168827497071782,0.3107534723011622,0.02166759582220939,0.1662105340616858,0
02,161,595,50,0.0183041300624609,0.6853265479219676,0.16591969528951903,0.0,0.08295984764475951,0
02,162,595,50,0.02451060526072979,0.6818934528858213,0.3001182386649765,0.0,0.15005911933248825,0
02,163,595,50,0.027007710188627243,0.7753948059291592,0.3541115010682458,0.0,0.1770557505341229,0
02,164,595,50,0.022975856438279152,0.9641342542105911,0.26693337127397804,0.016475324236190064,0.14170434775508406,0
02,165,595,50,0.02415088750422001,1.2022294923058292,0.2923402974974416,0.039912109075075156,0.16612620328625838,0
02,166,595,50,0.020404154434800148,1.4403247304010673,0.21132714522172721,0.06334889391396024,0.13733801956784372,0
02,167,595,50,0.027281969785690308,1.6784199684963053,0.36004163649243454,0.08678567875284532,0.22341365762263993,0
02,168,595,50,0.025575803592801094,1.9165152065915434,0.3231503237057428,0.11022246359173041,0.2166863936487366,0
02,169,595,50,0.022689830511808395,2.1546104446867815,0.26074882022466467,0.1336592484306155,0.19720403432764008,0
02,170,595,50,0.022441130131483078,2.3927056827820197,0.25537133498378445,0.15709603326950058,0.2062336841266425,0
02,171,595,50,0.02073485404253006,2.58318187325821,0.21847764598656838,0.17584546114060864,0.1971615535635885,0
02,172,595,50,0.029182150959968567,2.7736580637344006,0.40112800799823445,0.19459488901171673,0.2978614485049756,0
02,173,595,53,0.02632855251431465,1.2294923058281835,0.33942652002772955,0.04259571039250462,0.1910111152101171,0
02,174,595,54,0.02033316344022751,1.1887394482814326,0.2097921534977483,0.038584223386154304,0.1241881884419513,0
02,175,595,56,0.02563818357884884,2.273960983884647,0.32449912523897434,0.14540745864247373,0.23495329194072404,0
02,176,595,56,0.023909401148557663,1.9729391332444766,0.2871187963813212,0.11577652439239569,0.20144766038685846,0
02,177,595,56,0.028084445744752884,1.7042287652974675,0.3773930479393148,0.08932615466667856,0.23335960130299666,0
02,178,595,56,0.028075551614165306,1.4678298800436198,0.37720073598586057,0.06605634946532238,0.22162854272559146,0
02,179,595,56,0.02060326188802719,1.2739205945312801,0.21563231512004874,0.04696898661350087,0.1313006508667748,0
02,180,595,58,0.027526643127202988,2.512056221979885,0.3653320477137612,0.16884424348135882,0.26708814559756,0
02,181,595,58,0.027108987793326378,2.1191889817844016,0.3563013603028352,0.13017255457078467,0.24323695743680995,0
02,182,595,58,0.025577165186405182,1.8385637545942886,0.323179764551392,0.10254935167670938,0.2128645581140507,0
02,183,595,58,0.025279581546783447,1.6225614927904997,0.31674530864947487,0.08128727783135609,0.19901629324041548,0
02,184,595,58,0.02258591540157795,1.4711821963730365,0.2585019319374907,0.06638633303472494,0.16244413248610784,0
02,185,595,58,0.02790595218539238,1.3844258653418975,0.3735335987507058,0.05784651728681578,0.2156900580187608,0
02,186,595,58,0.02886592596769333,1.3656852053798636,0.39429048235177916,0.05600178986268641,0.22514613610723277,0
02,187,595,58,0.021274859085679054,1.4047820994385896,0.2301538209314403,0.059850272937163204,0.14500204693430174,0
02,188,595,58,0.026785925030708313,1.4846722403974317,0.34931598603205943,0.06771421872364566,0.20851510237785253,0
02,189,595,58,0.024980807676911354,1.6207035825356446,0.31028511717933627,0.0811043953712055,0.1956947562752709,0
02,190,595,58,0.026634816080331802,1.7890464073670191,0.34604865628631615,0.0976751365431263,0.22186189641472123,0
02,191,595,60,0.024961860850453377,1.040793246900117,0.3098754423750355,0.024021213570236424,0.16694832797263595,0
02,192,595,61,0.020236993208527565,0.9915182357930458,0.20771272764040943,0.019170852670585988,0.11344179015549771,0
02,193,595,61,0.027909426018595695,0.7397713962599465,0.3736087111681282,0.0,0.1868043555840641,0
02,194,595,61,0.024842582643032074,0.7295125005048662,0.3072963679115076,0.0,0.1536481839557538,0
02,195,595,61,0.01907440274953842,0.8859404660931379,0.18257479650325384,0.008778358087236362,0.0956765772952451,0
02,196,595,61,0.019428331404924393,0.9998788319399016,0.19022756373333627,0.01999382374126441,0.10511069373730034,0
02,197,595,62,0.020035261288285255,0.6512783230340475,0.20335081061278595,0.0,0.10167540530639298,0
02,198,595,62,0.01856604591012001,0.719293994103154,0.1715829299146416,0.0,0.0857914649573208,0
02,199,595,63,0.018237393349409103,0.6785815259097686,0.16447669110516092,0.0,0.08223834555258046,0
02,200,595,64,0.017382007092237473,1.0204774021567904,0.14598123497769022,0.022021433625544345,0.08400133430161728,0
02,201,595,64,0.01775406301021576,0.7721636576598415,0.15402595612002734,0.0,0.07701297806001367,0
02,202,595,64,0.01620420627295971,0.590169231390606,0.12051442019406196,0.0,0.06025721009703098,0
02,203,595,64,0.016067074611783028,0.5135910174078123,0.11754931220721294,0.0,0.05877465610360647,0
02,204,595,64,0.016646962612867355,0.5594733228321027,0.1300878501986526,0.0,0.0650439250993263,0
02,205,595,64,0.018062133342027664,0.6988973706530965,0.16068715889062454,0.0,0.08034357944531227,0
02,206,595,64,0.0186704583466053,0.8978553253362419,0.17384057156130714,0.009951191255594526,0.09189588140845083,0
02,207,595,66,0.01689908839762211,0.845349165959853,0.1355394007133343,0.004782773903507855,0.07016108730842108,0
02,208,595,66,0.015930384397506714,0.6106062441940316,0.11459374933721599,0.0,0.05729687466860799,0
02,209,595,66,0.02086838334798813,0.5169837230905946,0.22136486259792412,0.0,0.11068243129896206,0
02,210,595,66,0.022539053112268448,0.5747404984046207,0.25748865938524906,0.0,0.12874432969262453,0
02,211,595,66,0.020314501598477364,0.7549577931257322,0.20938864073090904,0.0,0.10469432036545452,0
02,212,595,66,0.018006939440965652,1.0117533018296374,0.15949373736083303,0.021162681203966954,0.09032820928239998,0
02,213,595,66,0.02554960548877716,1.2498485399248753,0.3225838592815893,0.044599466042852025,0.18359166266222066,0
02,214,595,69,0.02494593895971775,1.3691990791227435,0.30953117377228656,0.05634767625471053,0.18293942501349855,0
02,215,595,69,0.01890716515481472,1.029039945070479,0.1789587276569954,0.022864283224500077,0.10091150544074773,0
02,216,595,69,0.02110866829752922,0.7585928349287127,0.22656038649729518,0.0,0.11328019324864759,0
02,217,595,69,0.01884790137410164,0.5952582899147772,0.17767730578829344,0.0,0.08883865289414672,0
02,218,595,69,0.02292373776435852,0.5986106062441927,0.2658064433641138,0.0,0.1329032216820569,0
02,219,595,69,0.024258684366941452,0.6988973706530951,0.29467111837330634,0.0,0.14733555918665317,0
02,220,595,69,0.018434131518006325,0.8366250656326985,0.1687306315155675,0.00392402148193031,0.0863273264987489,0
02,221,595,69,0.019358983263373375,0.9913566783795785,0.18872809434295873,0.019154949847964044,0.10394152209546138,0
02,222,595,70,0.01862161047756672,0.5934811583666546,0.1727843661206085,0.0,0.08639218306030425,0
02,223,595,72,0.0229130107909441,1.3742881376469156,0.26557450105208397,0.05684861516729729,0.16121155810969062,0
02,224,595,72,0.023928632959723473,1.0630477806050316,0.2875346332230834,0.026211827386389972,0.1568732303047367,0
02,225,595,72,0.018627207726240158,0.8266085059978184,0.17290539175833203,0.0029380464793784234,0.08792171911885523,0
02,226,595,73,0.022433288395404816,1.1872046528535074,0.2552017782667076,0.03843314657124715,0.14681746241897736,0
02,227,595,73,0.022059179842472076,0.8640494365685194,0.24711267434474607,0.006623525621981669,0.12686809998336387,0
02,228,595,73,0.02280929870903492,0.7330667636011137,0.26333200271316687,0.0,0.13166600135658343,0
02,229,595,74,0.02181757614016533,1.0494365685205371,0.24188863591908272,0.02487201458050291,0.13338032524979282,0
02,230,595,74,0.016683584079146385,0.8113009410719323,0.13087969214982803,0.0014312540359623423,0.06615547309289518,0
02,231,595,74,0.02444026805460453,0.7024112443959758,0.2985973833798798,0.0,0.1492986916899399,0
02,232,595,74,0.0216726865619421,0.7176784199684951,0.2387557835791161,0.0,0.11937789178955804,0
02,233,595,74,0.02180664613842964,0.7975685609273387,0.24165230365879597,7.951411310895223e-05,0.12086590888595246,0
02,234,595,74,0.022577324882149696,0.9488670786380711,0.2583161847690445,0.014972507498429401,0.13664434613373694,0
02,235,595,76,0.021406682208180428,0.8130376832666909,0.23300414586753654,0.001602209379146859,0.11730317762334169,0
02,236,595,76,0.023823093622922897,0.624217456278524,0.28525262534985457,0.0,0.14262631267492729,0
02,237,595,76,0.022567417472600937,0.564643160063007,0.25810196334906066,0.0,0.12905098167453033,0
02,238,595,76,0.018798887729644775,0.6224403247303999,0.17661751589443092,0.0,0.08830875794721546,0
02,239,595,77,0.021016426384449005,0.5901692313906053,0.22456590009751337,0.0,0.11228295004875669,0
02,240,595,77,0.020368734374642372,0.5220727816147652,0.21056128048730108,0.0,0.10528064024365054,0
02,241,595,77,0.016079045832157135,0.6002665697322184,0.11780815805534907,0.0,0.058904079027674534,0
02,242,595,77,0.017530517652630806,0.7736984530877654,0.14919238144069663,0.0,0.07459619072034832,0
02,243,595,79,0.017428232356905937,0.8453895553132191,0.14698073356384153,0.004786749609163276,0.0758837415865024,0
02,244,595,79,0.018788879737257957,0.5681166444525215,0.17640111963769597,0.0,0.08820055981884799,0
02,245,595,79,0.018990274518728256,0.4234823700472559,0.18075574693472782,0.0,0.09037787346736391,0
02,246,595,80,0.018302761018276215,0.7994668605355619,0.16589009334485122,0.0002663722789151523,0.08307823281188319,0
02,247,595,80,0.018147630617022514,0.5494163738438544,0.16253581040381837,0.0,0.08126790520190919,0
02,248,595,82,0.015611042268574238,2.0358657457894096,0.10768882388885377,0.12197067380358871,0.11482974884622124,0
02,249,595,82,0.016005143523216248,1.6396057999111424,0.11621021688985206,0.08296502561795649,0.09958762125390427,0
02,250,595,82,0.016878359019756317,1.3232763843450859,0.13509118296883343,0.05182729892446236,0.0934592409466479,0
02,251,595,82,0.015208124183118343,1.0392584514721905,0.09897679033671929,0.023870136755329143,0.061423463546024216,0
02,252,595,82,0.015980390831828117,0.796033765499413,0.11567500567530699,0.0,0.057837502837653494,0
02,253,595,82,0.015115181915462017,0.6599216446544677,0.09696716062918903,0.0,0.048483580314594515,0
02,254,595,82,0.015411094762384892,0.6581445131063436,0.10336549007618508,0.0,0.05168274503809254,0
02,255,595,82,0.01639038324356079,0.7805242538066967,0.12454000274560253,0.0,0.06227000137280127,0
02,256,595,82,0.01466044969856739,0.9879639726967969,0.08713478408957562,0.01882099057290618,0.0529778873312409,0
02,257,595,82,0.02004505693912506,1.249848539924876,0.20356261554749078,0.04459946604285209,0.12408104079517143,0
02,258,595,83,0.015566293150186539,0.7737388424411322,0.10672124304576265,0.0,0.053360621522881325,0
02,259,595,83,0.017422376200556755,0.9692637020881298,0.14685410973522164,0.0169802388544323,0.08191717429482698,0
02,260,595,83,0.02009391225874424,1.2022294923058285,0.20461898208720802,0.039912109075075086,0.12226554558114155,0
02,261,595,83,0.025446638464927673,1.4879437780201141,0.3203574708445322,0.06803625088173718,0.1941968608631347,0
02,262,595,85,0.022617481648921967,0.748253160466902,0.2591844682045458,0.0,0.1295922341022729,0
02,263,595,85,0.015904704108834267,0.7379942647118231,0.11403848129485518,0.0,0.05701924064742759,0
02,264,595,85,0.020964575931429863,0.8060099357809295,0.22344477175231878,0.0009104365950984751,0.11217760417370863,0
02,265,595,85,0.020581070333719254,0.9386485722363589,0.21515248169314755,0.01396665396760027,0.11455956783037391,0
02,266,595,85,0.02025294303894043,1.135910174078114,0.20805760036447818,0.0333840003888242,0.12072080037665119,0
02,267,595,87,0.020583974197506905,0.9251989175653305,0.21521527003564703,0.012642743984335033,0.11392900700999103,0
02,268,595,87,0.017745068296790123,0.7976089502807069,0.15383146932982206,8.348981876456977e-05,0.07695747957429332,0
02,269,595,87,0.020897386595606804,0.6598408659477367,0.2219919808025807,0.0,0.11099599040129035,0
02,270,595,87,0.01879926770925522,0.5934811583666553,0.17662573194437955,0.0,0.08831286597218978,0
02,271,595,87,0.016352714970707893,0.6240558988650594,0.12372552638231374,0.0,0.06186276319115687,0
02,272,595,89,0.01705048605799675,1.1787228886465524,0.13881297304604837,0.037598248383602394,0.08820561071482538,0
02,273,595,89,0.016348274424672127,0.8810937436891628,0.12362951136722791,0.008301273408582137,0.06596539238790503,0
02,274,595,89,0.015093536116182804,0.6548729754836619,0.09649912770540031,0.0,0.048249563852700156,0
02,275,595,89,0.015628216788172722,0.5255866553576466,0.10806017726410494,0.0,0.05403008863205247,0
02,276,595,89,0.015640730038285255,0.503412900359465,0.10833074306584425,0.0,0.05416537153292213,0
02,277,595,89,0.015850406140089035,0.6104850761339305,0.11286443192205037,0.0,0.056432215961025184,0
02,278,595,89,0.016331961378455162,0.8434104769982637,0.12327678506600241,0.004591940032046235,0.06393436254902432,0
02,279,595,89,0.015419244766235352,1.1069913970677332,0.10354171226515654,0.030537395139521042,0.0670395537023388,0
02,280,595,89,0.017444979399442673,1.392705682782019,0.1473428438829005,0.05866153694618316,0.10300219041454184,0
02,281,595,89,0.016571607440710068,1.6784199684963046,0.1284584947245285,0.08678567875284525,0.10762208673868687,0
02,282,595,89,0.020187925547361374,1.9641342542105904,0.2066517697786621,0.11490982055950737,0.16078079516908472,0
02,283,595,91,0.024150433018803596,0.7396906175532149,0.292330470457307,0.0,0.1461652352286535,0
02,284,595,91,0.01804770715534687,0.8451068298396555,0.16037523091585956,0.0047589196695752645,0.08256707529271741,0
02,285,595,91,0.020032517611980438,1.0049678904640749,0.20329148589918636,0.020494762653851292,0.11189312427651882,0
02,286,595,92,0.020392203703522682,0.7278161476634764,0.21106874239589224,0.0,0.10553437119794612,0
02,287,595,92,0.021341267973184586,0.8213175007068143,0.23158973675897998,0.0024172290385144255,0.11700348289874721,0
02,288,595,92,0.02191816084086895,0.9046407367018057,0.2440635129449423,0.010619109805710309,0.1273413113753263,0
02,289,595,92,0.018439363688230515,1.0508905852417307,0.16884376330137962,0.025015139984099283,0.09692945164273946,0
02,290,595,92,0.018487950786948204,1.2294519164748172,0.16989433027642725,0.04259173468684919,0.10624303248163822,0
02,291,595,92,0.019329886883497238,1.4403247304010667,0.18809896240056964,0.06334889391396017,0.1257239281572649,0
02,292,595,95,0.017907630652189255,1.3061916878710782,0.15734644854190877,0.05014557543220666,0.10374601198705771,0
02,293,595,95,0.018178291618824005,1.052788884849954,0.16319877314011352,0.025201998149905494,0.09420038564500952,0
02,294,595,95,0.018108364194631577,0.8316975645219925,0.1616867783010398,0.003438985391965383,0.0825628818465026,0
02,295,595,95,0.019475199282169342,0.6547921967769296,0.19124095710984187,0.0,0.09562047855492094,0
02,296,595,95,0.018234264105558395,0.5748212771113537,0.16440902951734876,0.0,0.08220451475867438,0
02,297,595,95,0.017523065209388733,0.5917848055252635,0.14903124214734162,0.0,0.07451562107367081,0
02,298,595,95,0.018023265525698662,0.6988973706530958,0.15984674558534107,0.0,0.07992337279267053,0
02,299,595,95,0.01922571286559105,0.8706329011672524,0.18584647592249934,0.0072715656438203475,0.09655902078315984,0
02,300,595,95,0.018484247848391533,1.1069913970677332,0.16981426406418287,0.030537395139521042,0.10017582960185195,0
02,301,595,95,0.019202830269932747,1.392705682782019,0.18535170056162298,0.05866153694618316,0.12200661875390306,0
02,302,595,96,0.019835904240608215,0.8655438426430797,0.19904024389734135,0.006770626731233519,0.10290543531428743,0
02,303,595,96,0.019378192722797394,1.0899874793004567,0.1891434478876651,0.028863623058576073,0.10900353547312058,0
02,304,595,96,0.020324064418673515,1.2974675875439237,0.2095954113212826,0.049286823010629116,0.12944111716595585,0
02,305,595,96,0.02006617560982704,1.5355628256391618,0.20401925071571353,0.0727236078495142,0.13837142928261387,0
02,306,595,96,0.019728532060980797,1.7736580637344,0.19671860566553684,0.0961603926883993,0.14643949917696808,0
02,307,595,98,0.02054901421070099,0.7822609960014553,0.21445935316561948,0.0,0.10722967658280974,0
02,308,595,98,0.01904222182929516,0.7635203360394214,0.1818789695671642,0.0,0.0909394847835821,0
02,309,595,98,0.021496322005987167,0.8417141241568732,0.23494236843507219,0.004424960394517335,0.11968366441479476,0
02,310,595,98,0.0214214064180851,1.0066642433054653,0.23332251780304553,0.02066174229138019,0.12699213004721285,0
02,311,595,100,0.0262569859623909,1.0680560604224734,0.33787908340456374,0.02670481488766609,0.1822919491461149,0
02,312,595,101,0.04204314202070236,1.4014297831091735,0.6792127842326824,0.0595202893677607,0.3693665368002215,0
02,313,595,103,0.041568342596292496,2.893008602932267,0.6689465076238462,0.20634309922357502,0.4376448034237106,0
02,314,595,103,0.036294497549533844,2.5443677046730473,0.5549136144511987,0.17202480800571984,0.36346921122845927,0
02,315,595,104,0.04164589196443558,3.083484793408457,0.6706233067589481,0.2250925270946831,0.4478579169268156,0
02,316,595,104,0.046007197350263596,2.6889212003715803,0.7649249532324415,0.18625385854657975,0.4755894058895106,0
02,317,595,104,0.04429004341363907,2.3589805727210296,0.7277960596680688,0.1537763190471986,0.4407861893576337,0
02,318,595,105,0.047326382249593735,2.7518478129165143,0.7934488232677849,0.19244800795777287,0.49294841561277886,0
02,319,595,105,0.06989682465791702,2.345369360636535,1.2814746991113657,0.15243650624131153,0.7169556026763386,0
02,320,595,105,0.0743287205696106,2.0358253564360416,1.3773026782365883,0.1219666980979331,0.7496346881672606,0
02,321,595,105,0.0289642084389925,1.8181267417908622,0.3964155797808912,0.10053764461505092,0.24847661219797107,0
02,322,595,105,0.015007696114480495,1.6327396098388445,0.09464306563735086,0.08228915565652968,0.08846611064694027,0
02,323,595,106,0.013573486357927322,1.6208247505957418,0.06363208854072303,0.08111632248817165,0.07237420551444734,0
02,324,595,106,0.01427313033491373,1.4371339714851143,0.07876003147025833,0.06303481316717928,0.0708974223187188,0
02,325,595,107,0.011980883777141571,1.4575709842885414,0.029196287270292692,0.0650465202288378,0.04712140374956525,0
02,326,595,107,0.011608741246163845,1.1445938850518989,0.021149693351864333,0.03423877710474598,0.027694235228305157,0
02,327,595,107,0.012772717513144016,0.9812997293913316,0.04631758890647961,0.01816499913975666,0.032241294023118136,0
02,328,595,109,0.011926745064556599,1.7977705076941715,0.028025681389010466,0.09853388896470362,0.06327978517685705,0
02,329,595,109,0.012466656975448132,1.3062724665778092,0.039699842596149865,0.05015352684351737,0.04492668471983362,0
02,330,595,109,0.011800113134086132,0.8623530837271289,0.02528760219412401,0.00645654598445277,0.01587207408928839,0
02,331,595,109,0.01165576372295618,0.5289389716870633,0.022166429533005887,0.0,0.011083214766502944,0
02,332,595,109,0.010662879794836044,0.45740942687507546,0.0006979514293974189,0.0,0.00034897571469870946,0
02,333,595,110,0.01050464529544115,0.4898824669817029,0.0,0.0,0.0,0
02,334,595,111,0.010489162057638168,0.9916394038531442,0.0,0.019182779787552253,0.009591389893776127,0
02,335,595,111,0.012361070141196251,0.6787026939698684,0.03741680771667747,0.0,0.018708403858338735,0
02,336,595,112,0.014231540262699127,1.2263419362656,0.07786075661105375,0.042285605351379416,0.060073180981216584,0
02,337,595,112,0.016942989081144333,0.8844864493719437,0.1364886364056823,0.008635232683639924,0.0725619345446611,0
02,338,595,112,0.01419637817889452,0.6395654105577757,0.07710046993014666,0.0,0.03855023496507333,0
02,339,595,112,0.013704323209822178,0.5408942202835314,0.06646108799423206,0.0,0.03323054399711603,0
02,340,595,112,0.013118855655193329,0.5442465366129468,0.05380190697523805,0.0,0.026900953487619023,0
02,341,595,112,0.01125089731067419,0.6547114180701958,0.013412268587507404,0.0,0.006706134293753702,0
02,342,595,112,0.012084322050213814,0.8893331717759194,0.03143286522027621,0.009112317362294215,0.020272591291285214,0
02,343,595,114,0.01103823259472847,0.7552001292459297,0.00881395888746521,0.0,0.004406979443732605,0
02,344,595,114,0.011134179309010506,0.5527686901732698,0.01088855177424606,0.0,0.00544427588712303,0
02,345,595,114,0.011061402969062328,0.48127953471464885,0.00931495669793502,0.0,0.00465747834896751,0
02,346,595,114,0.011402718722820282,0.5798699462821595,0.016695003426904366,0.0,0.008347501713452183,0
02,347,595,114,0.011611705645918846,0.7753948059291572,0.021213790623889953,0.0,0.010606895311944977,0
02,348,595,117,0.011677386239171028,1.7977705076941715,0.022633959022361472,0.09853388896470362,0.060583923993532546,0
02,349,595,117,0.011324286460876465,1.449129609434952,0.014999114058098324,0.06421559774684842,0.03960735590247337,0
02,350,595,117,0.011827758513391018,1.1328001938688952,0.025885360102640666,0.03307787105335427,0.029481615577997465,0
02,351,595,117,0.010826618410646915,0.8572640252029549,0.004238364149045666,0.00595560707186581,0.005096985610455738,0
02,352,595,117,0.011488748714327812,0.6616179974958595,0.01855517351992813,0.0,0.009277586759964065,0
02,353,595,118,0.011331828311085701,0.9474130619168775,0.015162186539676542,0.014829382094833027,0.014995784317254785,0
02,354,595,118,0.011481517925858498,0.7075810816268822,0.018398826922376477,0.0,0.009199413461188239,0
02,355,595,119,0.011085443198680878,1.1225816874671832,0.009834762818826422,0.032072017522525156,0.02095339017067579,0
02,356,595,119,0.01152998860925436,0.8436528131184605,0.019446876725258477,0.004615794265978759,0.012031335495618618,0
02,357,595,121,0.011418484151363373,2.2739609838846477,0.01703588895026274,0.1454074586424738,0.08122167379636827,0
02,358,595,121,0.011695765890181065,1.8777010380063806,0.02303137016387125,0.10640181045684158,0.06471659031035641,0
02,359,595,121,0.010130506008863449,1.5137525748212763,0.0,0.07057672679557044,0.03528836339778522,0
02,360,595,121,0.0109786381945014,1.1889010056948979,0.007525388249812864,0.03860012620877605,0.023062757229294458,0
02,361,595,121,0.009927051141858101,0.9320651076376258,0.0,0.01331861394576159,0.006659306972880795,0
02,362,595,121,0.011293540708720684,0.7772527161840121,0.014334318820466593,0.0,0.007167159410233296,0
02,363,595,121,0.010797821916639805,0.7482935498202662,0.0036157164421552553,0.0,0.0018078582210776276,0
02,364,595,121,0.011409090831875801,0.9064178682499284,0.016832783362562328,0.010794040854550048,0.013813412108556189,0
02,365,595,121,0.011303395964205265,1.1223797407003504,0.014547412547320225,0.032052138994247845,0.023299775770784036,0
02,366,595,121,0.010490067303180695,1.3706530958439351,0.0,0.05649080165830671,0.028245400829153354,0
02,367,595,121,0.011390063911676407,1.6512379336806813,0.016421376743811646,0.0841100288467265,0.05026570279526907,0
02,368,595,121,0.0106041943654418,1.9641342542105904,0.0,0.11490982055950737,0.05745491027975368,0
02,369,595,125,0.010617357678711414,1.6616987762025932,0.0,0.08513973661148844,0.04256986830574422,0
02,370,595,125,0.01128570269793272,1.3521547720020994,0.014164842652899008,0.054669928468109995,0.0344173855605045,0
02,371,595,125,0.010548561811447144,1.1072337331879314,0.0,0.0305612493734537,0.01528062468672685,0
02,372,595,125,0.010994729585945606,0.9269356597600863,0.007873321855235002,0.012813699327519277,0.010343510591377138,0
02,373,595,125,0.010220528580248356,0.8214386687669135,0.0,0.002429156155480764,0.001214578077740382,0
02,374,595,125,0.01091218926012516,0.8604951734722726,0.006088606515048184,0.006273663524302056,0.00618113501967512,0
02,375,595,126,0.011130712926387787,0.84526838725312,0.01081360045584224,0.004774822492196948,0.007794211474019594,0
02,376,595,126,0.010417957790195942,0.8129165152065904,0.0,0.0015902822621803889,0.0007951411310901944,0
02,377,595,126,0.009919795207679272,0.8774990912395492,0.0,0.007947435605247037,0.003973717802623519,0
02,378,595,126,0.009496377781033516,0.9302071973827695,0.0,0.013135731485610877,0.006567865742805439,0
02,379,595,126,0.010073838755488396,1.0152267862191526,0.0,0.02150459189033579,0.010752295945167896,0
02,380,595,126,0.009690985083580017,1.132557857748697,0.0,0.03305401681942161,0.016527008409710806,0
02,381,595,126,0.009515687823295593,1.2822004119714043,0.0,0.047784006272868516,0.023892003136434258,0
02,382,595,126,0.011097040958702564,1.464154448887273,0.010085533578655215,0.06569456025067635,0.037890046914665784,0
02,383,595,126,0.010261482559144497,1.6784199684963046,0.0,0.08678567875284525,0.043392839376422625,0
02,384,595,127,0.009418150410056114,1.1342542105900888,0.0,0.03322099645695064,0.01661049822847532,0
02,385,595,127,0.01061098650097847,1.302597035421463,0.0,0.049791737628871416,0.024895868814435708,0
02,386,595,127,0.00977451540529728,1.5355628256391618,0.0,0.0727236078495142,0.0363618039247571,0
02,387,595,127,0.008990130387246609,1.8212771113534476,0.0,0.10084774965617632,0.05042387482808816,0
02,388,595,128,0.014232095330953598,1.2975079768972906,0.07787275848793948,0.04929079871628461,0.06358177860211205,0
02,389,595,129,0.009866117499768734,1.0866351629710427,0.0,0.028533639489173774,0.014266819744586887,0
02,390,595,129,0.009959565475583076,1.0271012561088924,0.0,0.022673449353038718,0.011336724676519359,0
02,391,595,131,0.01231764629483223,1.1649905085019603,0.036477882361519894,0.036246508460749144,0.036362195411134515,0
02,392,595,131,0.010700174607336521,0.9846924350741165,0.0015043527043788712,0.018498958414814852,0.010001655559596862,0
02,393,595,131,0.013331616297364235,0.8588392099842489,0.05840229082514472,0.0061106595924286435,0.03225647520878668,0
02,394,595,131,0.009684004820883274,0.7652974675875441,0.0,0.0,0.0,0
02,395,595,131,0.00964949931949377,0.707459913566783,0.0,0.0,0.0,0
02,396,595,132,0.01071453932672739,0.7891675754271189,0.001814951612240375,0.0,0.0009074758061201875,0
02,397,595,132,0.010074757970869541,0.634395573326872,0.0,0.0,0.0,0
02,398,595,132,0.010438112542033195,0.5493355951371222,0.0,0.0,0.0,0
02,399,595,133,0.009253187105059624,0.7637222828062501,0.0,0.0,0.0,0
02,400,595,133,0.008799836970865726,0.5970354214629021,0.0,0.0,0.0,0
02,401,595,133,0.010972823016345501,0.5340684195646015,0.007399650465795279,0.0,0.0036998252328976394,0
02,402,595,133,0.009252911433577538,0.6054364069631246,0.0,0.0,0.0,0
02,403,595,134,0.00980603788048029,0.56298719657498,0.0,0.0,0.0,0
02,404,595,134,0.009055939503014088,0.4914980411163617,0.0,0.0,0.0,0
02,405,595,134,0.00891958549618721,0.620703582535642,0.0,0.0,0.0,0
02,406,595,134,0.010116105899214745,0.846843572034412,0.0,0.004929875012759574,0.002464937506379787,0
02,407,595,134,0.00897989422082901,1.1274284098711582,0.0,0.032549102201179375,0.016274551100589688,0
02,408,595,136,0.009579068049788475,0.5986913849509298,0.0,0.0,0.0,0
02,409,595,136,0.009238713420927525,0.43535683993699437,0.0,0.0,0.0,0
02,410,595,137,0.009644268080592155,0.7552001292459297,0.0,0.0,0.0,0
02,411,595,138,0.007838703691959381,1.2739609838846477,0.0,0.04697296231915644,0.02348648115957822,0
02,412,595,138,0.00853806920349598,0.9729391332444772,0.0,0.017342028069078384,0.008671014034539192,0
02,413,595,138,0.009834816679358482,0.7059251181388572,0.0,0.0,0.0,0
02,414,595,138,0.008627261966466904,0.5238903025162533,0.0,0.0,0.0,0
02,415,595,139,0.009216707199811935,0.9287127913082104,0.0,0.012988630376359148,0.006494315188179574,0
02,416,595,139,0.011401290073990822,0.6497839169594892,0.016664112690087746,0.0,0.008332056345043873,0
02,417,595,139,0.010192797519266605,0.527283008199037,0.0,0.0,0.0,0
02,418,595,139,0.010040001943707466,0.5408134415767977,0.0,0.0,0.0,0
02,419,595,139,0.009637173265218735,0.6785007472030357,0.0,0.0,0.0,0
02,420,595,141,0.010000037960708141,1.1361928995516788,0.0,0.03341183032841233,0.016705915164206164,0
02,421,595,141,0.010028953664004803,0.8283452481925757,0.0,0.0031090018225628092,0.0015545009112814046,0
02,422,595,142,0.010820490308105946,1.3215800315036954,0.004105860206246866,0.05166031928693346,0.027883089746590164,0
02,423,595,142,0.00975768081843853,0.9338018498323845,0.0,0.013489569288946108,0.006744784644473054,0
02,424,595,142,0.011302383616566658,0.6956662223837808,0.0145255232181679,0.0,0.00726276160908395,0
02,425,595,142,0.010050658136606216,0.5935619370733876,0.0,0.0,0.0,0
02,426,595,142,0.009992755949497223,0.6223999353770331,0.0,0.0,0.0,0
02,427,595,142,0.012501747347414494,0.7736984530877654,0.040458578699002934,0.0,0.020229289349501467,0
02,428,595,144,0.013080286793410778,0.8964013086150476,0.05296795776807593,0.009808065851998086,0.03138801181003701,0
02,429,595,145,0.014424541965126991,1.4644371743608382,0.08203390586363227,0.0657223901902645,0.07387814802694839,0
02,430,595,145,0.01045304723083973,1.0681772284825723,0.0,0.026716742004632407,0.013358371002316204,0
02,431,595,145,0.010847778990864754,0.7586332242820788,0.004695905499248028,0.0,0.002347952749624014,0
02,432,595,145,0.010150848887860775,0.5987317743042925,0.0,0.0,0.0,0
02,433,595,145,0.00880853459239006,0.5459428894543399,0.0,0.0,0.0,0
02,434,595,145,0.01068892888724804,0.6156145240114687,0.0012611938731789452,0.0,0.0006305969365894726,0
02,435,595,145,0.009560306556522846,0.7822206066480858,0.0,0.0,0.0,0
02,436,595,145,0.009530394338071346,0.9862676198554051,0.0,0.01865401093537715,0.009327005467688575,0
02,437,595,145,0.009614743292331696,1.249848539924876,0.0,0.04459946604285209,0.022299733021426044,0
02,438,595,148,0.008841777220368385,1.3266690900278693,0.0,0.0521612581995204,0.0260806290997602,0
02,439,595,148,0.012586885131895542,0.9678096853669377,0.042299457184549305,0.016837113450836067,0.029568285317692684,0
02,440,595,148,0.009000923484563828,0.6905367745062387,0.0,0.0,0.0,0
02,441,595,148,0.010119951330125332,0.6309624782907216,0.0,0.0,0.0,0
02,442,595,148,0.012940754182636738,0.6683226301546903,0.04995093562248294,0.0,0.02497546781124147,0
02,443,595,148,0.011507779359817505,0.7431237125893612,0.018966660688188114,0.0,0.009483330344094057,0
02,444,595,148,0.015455996617674828,0.882547760410355,0.1043363734491575,0.008444398812178368,0.056390386130667935,0
02,445,595,148,0.011053794994950294,1.0865947736176744,0.009150454462566722,0.028529663783518143,0.018840059123042433,0
02,446,595,148,0.011594109237194061,1.3450866351629713,0.020833315016710544,0.05397417997840614,0.03740374749755834,0
02,447,595,149,0.012662204913794994,0.8757623490447932,0.04392804743833505,0.007776480262062783,0.025852263850198915,0
02,448,595,149,0.01618603989481926,1.0678945030090088,0.12012162051195961,0.026688912065044406,0.07340526628850201,0
02,449,595,149,0.015269853174686432,1.249848539924876,0.10031151584320062,0.04459946604285209,0.07245549094302636,0
02,450,595,149,0.010897108353674412,1.4403247304010667,0.00576252196402372,0.06334889391396017,0.034555707938991945,0
02,451,595,149,0.011606201529502869,1.6308009208772571,0.021094778723898935,0.08209832178506825,0.05159655025448359,0
02,452,595,152,0.011666310019791126,1.1531564279655886,0.022394465193834704,0.035081626703701824,0.028738045948768262,0
02,453,595,152,0.012260857038199902,0.9558544367704682,0.03524996550437058,0.01566030457682255,0.025455135040596565,0
02,454,595,152,0.011523171328008175,0.8231754109616707,0.019299471123239143,0.002600111498665139,0.010949791310952141,0
02,455,595,152,0.009973888285458088,0.7551193505391988,0.0,0.0,0.0,0
02,456,595,152,0.009887571446597576,0.7567753140272238,0.0,0.0,0.0,0
02,457,595,152,0.009865384548902512,0.8553657255947344,0.0,0.005768748906059883,0.0028843744530299416,0
02,458,595,152,0.010650461539626122,1.0508905852417307,0.0004294396401452606,0.025015139984099283,0.012722289812122272,0
02,459,595,152,0.01142037007957697,1.1818328688557695,0.017076667139345955,0.037904377719072166,0.02749052242920906,0
02,460,595,154,0.010330314747989178,0.7942566339512889,0.0,0.0,0.0,0
02,461,595,154,0.011526412330567837,0.6411809846924351,0.019369549196330303,0.0,0.009684774598165151,0
02,462,595,155,0.009984124451875687,0.9831172502928225,0.0,0.01834390589425202,0.00917195294712601,0
02,463,595,155,0.01083674281835556,0.7535037764045394,0.004457277577946237,0.0,0.0022286387889731184,0
02,464,595,155,0.01055364403873682,0.6208247505957418,0.0,0.0,0.0,0
02,465,595,155,0.010472573339939117,0.5935619370733876,0.0,0.0,0.0,0
02,466,595,157,0.011992259882390499,1.5120562219798859,0.029442265334318124,0.07040974715804153,0.04992600624617983,0
02,467,595,157,0.011162757873535156,1.124278040308575,0.01150648733484241,0.03223899716005419,0.0218727422474483,0
02,468,595,157,0.01040436327457428,0.8521345773254154,0.0,0.005450692453623506,0.002725346226811753,0
02,469,595,157,0.010142209939658642,0.6820146209459184,0.0,0.0,0.0,0
02,470,595,157,0.010333924554288387,0.641140595339067,0.0,0.0,0.0,0
02,471,595,157,0.009654492139816284,0.7244234419806928,0.0,0.0,0.0,0
02,472,595,158,0.011456642299890518,0.5085019588836376,0.01786095757402451,0.0,0.008930478787012254,0
02,473,595,158,0.009821395389735699,0.49485035744577777,0.0,0.0,0.0,0
02,474,595,158,0.008984079584479332,0.6036592754149992,0.0,0.0,0.0,0
02,475,595,160,0.009362958371639252,1.1838119471707265,0.0,0.03809918729618935,0.019049593648094675,0
02,476,595,160,0.010527640581130981,0.8725715901288424,0.0,0.007462399515282034,0.003731199757641017,0
02,477,595,160,0.009491336531937122,0.6344359626802362,0.0,0.0,0.0,0
02,478,595,160,0.0102926567196846,0.5068056060422444,0.0,0.0,0.0,0
02,479,595,160,0.010323523543775082,0.5407326628700668,0.0,0.0,0.0,0
02,480,595,161,0.010884521529078484,0.45583424209378415,0.005490365309475728,0.0,0.002745182654737864,0
02,481,595,161,0.010537763126194477,0.40474171008522203,0.0,0.0,0.0,0
02,482,595,161,0.0105563560500741,0.5152065915424684,0.0,0.0,0.0,0
02,483,595,161,0.01046567689627409,0.7260390161153523,0.0,0.0,0.0,0
02,484,595,163,0.010255938395857811,0.9082757785047861,0.0,0.010976923314700893,0.005488461657350447,0
02,485,595,163,0.009351479820907116,0.6395250212044102,0.0,0.0,0.0,0
02,486,595,163,0.010323546826839447,0.4711014176663008,0.0,0.0,0.0,0
02,487,595,163,0.009241734631359577,0.428531039218059,0.0,0.0,0.0,0
02,488,595,164,0.009688666090369225,0.5936427157801212,0.0,0.0,0.0,0
02,489,595,164,0.009988054633140564,0.43543761864372804,0.0,0.0,0.0,0
02,490,595,164,0.00991005264222622,0.4166565693283233,0.0,0.0,0.0,0
02,491,595,164,0.009918011724948883,0.557736580637342,0.0,0.0,0.0,0
02,492,595,164,0.009462393820285797,0.8212771113534475,0.0,0.002413253332858939,0.0012066266664294695,0
02,493,595,164,0.01037406176328659,1.1069913970677332,0.0,0.030537395139521042,0.015268697569760521,0
02,494,595,164,0.009785410016775131,1.392705682782019,0.0,0.05866153694618316,0.02933076847309158,0
02,495,595,165,0.010363033041357994,0.8195807585120571,0.0,0.0022462736953300505,0.0011231368476650253,0
02,496,595,165,0.010176989249885082,0.9947493840623627,0.0,0.01948890912302216,0.00974445456151108,0
02,497,595,167,0.009478564374148846,0.753503776404542,0.0,0.0,0.0,0
02,498,595,167,0.009988621808588505,0.5714689607819382,0.0,0.0,0.0,0
02,499,595,167,0.00902535580098629,0.518680075931983,0.0,0.0,0.0,0
02,500,595,167,0.009349307045340538,0.5883517104891144,0.0,0.0,0.0,0
02,501,595,167,0.008594339713454247,0.698856981299729,0.0,0.0,0.0,0
02,502,595,168,0.008830181322991848,0.5305949351750896,0.0,0.0,0.0,0
02,503,595,168,0.009823285043239594,0.5611696756734939,0.0,0.0,0.0,0
02,504,595,168,0.009372743777930737,0.6937679227755577,0.0,0.0,0.0,0
02,505,595,170,0.010038395412266254,1.0834847934084573,0.0,0.028223534448048367,0.014111767224024184,0
02,506,595,171,0.010909981094300747,1.7025324124560763,0.0060408607934105,0.0891591750291496,0.04760001791128005,0
02,507,595,171,0.01068191509693861,1.3538915141968582,0.0011095392845440265,0.054840883811294525,0.027975211547919276,0
02,508,595,171,0.009913044981658459,1.0392584514721905,0.0,0.023870136755329143,0.011935068377664572,0
02,509,595,171,0.010502985678613186,0.84195646027707,0.0,0.0044488146284498604,0.0022244073142249302,0
02,510,595,171,0.01577211357653141,0.7092774344682753,0.11117156315984308,0.0,0.05558578157992154,0
02,511,595,171,0.013208962976932526,0.6463104325699747,0.05575023850619086,0.0,0.02787511925309543,0
02,512,595,171,0.010575810447335243,0.6802778787511597,0.0,0.0,0.0,0
02,513,595,172,0.014940078370273113,0.6752292095803538,0.09318101149404324,0.0,0.04659050574702162,0
02,514,595,173,0.015091274864971638,0.9099721313461766,0.0964502341532551,0.011143902952229792,0.053797068552742446,0
02,515,595,173,0.015992822125554085,0.6565289389716854,0.1159437993878417,0.0,0.05797189969392085,0
02,516,595,173,0.011279679834842682,0.549335595137118,0.014034614233737938,0.0,0.007017307116868969,0
02,517,595,173,0.010572238825261593,0.5781735934407664,0.0,0.0,0.0,0
02,518,595,173,0.010990835726261139,0.7243830526273273,0.007789127480638987,0.0,0.0038945637403194934,0
02,519,595,173,0.01291247084736824,0.9641342542105904,0.04933938361049863,0.016475324236189998,0.03290735392334432,0
02,520,595,175,0.010933219455182552,0.7840785169029435,0.006543328632425039,0.0,0.0032716643162125194,0
02,521,595,175,0.010638936422765255,0.6071731491578819,0.0001802395957478209,0.0,9.011979787391045e-05,0
02,522,595,175,0.010044370777904987,0.5322912880164801,0.0,0.0,0.0,0
02,523,595,175,0.010899914428591728,0.6291853467425975,0.005823195881904082,0.0,0.002911597940952041,0
02,524,595,175,0.010897999629378319,0.8230138535482034,0.0057817934341237885,0.0025842086760431934,0.004183001055083491,0
02,525,595,175,0.011048883199691772,1.1069913970677332,0.009044249934554431,0.030537395139521042,0.019790822537037737,0
02,526,595,175,0.012906040996313095,1.3450866351629713,0.049200355157446515,0.05397417997840614,0.05158726756792632,0
02,527,595,177,0.011049655266106129,0.5816470778302836,0.009060943820356894,0.0,0.004530471910178447,0
02,528,595,178,0.013314691372215748,1.0358657457894096,0.05803633426701667,0.023536177480271345,0.040786255873644005,0
02,529,595,179,0.013059400953352451,1.6549133648370287,0.05251635694418446,0.08447181806137258,0.06849408750277852,0
02,530,595,179,0.016177333891391754,1.3062724665778105,0.1199333763087251,0.0501535268435175,0.0850434515761213,0
02,531,595,179,0.014327152632176876,0.9916394038531429,0.07992812017937492,0.01918277978755212,0.04955544998346352,0
02,532,595,179,0.011598151177167892,0.7568964820873202,0.02092071123430124,0.0,0.01046035561715062,0
02,533,595,179,0.015840981155633926,0.6224807140837667,0.11266064166352091,0.0,0.056330320831760455,0
02,534,595,180,0.013949723914265633,0.8555676723615645,0.0717672265072496,0.0057886274343369225,0.03877792697079326,0
02,535,595,180,0.012228874489665031,0.6939698695423877,0.03455842782965119,0.0,0.017279213914825595,0
02,536,595,181,0.01163351722061634,1.0749626398481342,0.021685408000842524,0.027384660554748003,0.024535034277795263,0
02,537,595,181,0.014759955927729607,0.8011228240235869,0.0892863420324928,0.00042937621078869615,0.04485785912164075,0
02,538,595,181,0.013221084140241146,0.6616179974958568,0.05601232647207633,0.0,0.028006163236038165,0
02,539,595,181,0.014216803014278412,0.6564481602649518,0.07754210275226224,0.0,0.03877105137613112,0
02,540,595,181,0.012447590008378029,0.77034613675835,0.03928757007017421,0.0,0.019643785035087104,0
02,541,595,181,0.015256596729159355,0.9369926087483326,0.10002488041435594,0.013803650035726594,0.05691426522504126,0
02,542,595,181,0.01423698291182518,1.135950563431478,0.07797843944414133,0.03338797609447941,0.05568320776931037,0
02,543,595,183,0.013626914471387863,0.7296336685649659,0.06478732960310624,0.0,0.03239366480155312,0
02,544,595,183,0.015747101977467537,0.6224403247304012,0.11063075375440166,0.0,0.05531537687720083,0
02,545,595,184,0.014490845613181591,0.8045155297063705,0.08346754616753424,0.0007633354858467567,0.0421154408266905,0
02,546,595,184,0.012822954915463924,0.5374207358940195,0.047403839314147225,0.0,0.023701919657073613,0
02,547,595,184,0.01264741737395525,0.45401672119229464,0.043608306161167974,0.0,0.021804153080583987,0
02,548,595,184,0.011889512650668621,0.6189264509875213,0.02722062931830979,0.0,0.013610314659154896,0
02,549,595,184,0.012061910703778267,0.8127953471464926,0.03094827937232631,0.0015783551452141918,0.01626331725877025,0
02,550,595,185,0.011098149232566357,0.42340159134052224,0.010109497057672018,0.0,0.005054748528836009,0
02,551,595,185,0.012302983552217484,0.5015953794579767,0.036160839492914376,0.0,0.018080419746457188,0
02,552,595,185,0.011255196295678616,0.6665454986065689,0.013505222721239813,0.0,0.006752611360619907,0
02,553,595,185,0.01127093005925417,0.8944222303000935,0.013845423573769134,0.009613256274881176,0.011729339924325155,0
02,554,595,186,0.009789801202714443,0.49311361525101916,0.0,0.0,0.0,0
02,555,595,186,0.010750365443527699,0.5985298275374624,0.0025895962431802303,0.0,0.0012947981215901151,0
02,556,595,186,0.011819286271929741,0.7974877822206078,0.025702170381114726,7.15627017982417e-05,0.012886866541456484,0
02,557,595,186,0.011513947509229183,1.011753301829638,0.019100030538211892,0.02116268120396702,0.020131355871089454,0
02,558,595,186,0.012146007269620895,1.249848539924876,0.03276664427002328,0.04459946604285209,0.03868305515643768,0
02,559,595,187,0.011644621379673481,0.6512379336806814,0.021925505950689043,0.0,0.010962752975344521,0
02,560,595,187,0.0113057941198349,0.8518922412052199,0.014599266293932217,0.005426838219691112,0.010013052256811664,0
02,561,595,187,0.015254921279847622,1.1069913970677332,0.09998865327254818,0.030537395139521042,0.06526302420603461,0
02,562,595,187,0.011579982936382294,1.392705682782019,0.02052787127744425,0.05866153694618316,0.039594704111813706,0
02,563,595,187,0.012652984820306301,1.6784199684963046,0.043728687402817094,0.08678567875284525,0.06525718307783117,0
02,564,595,189,0.01255798526108265,0.6359707581081647,0.04167457422877582,0.0,0.02083728711438791,0
02,565,595,189,0.013271342031657696,0.6461488751565101,0.05709901990204509,0.0,0.028549509951022546,0
02,566,595,190,0.012973719276487827,0.6479663960579997,0.05066371823028026,0.0,0.02533185911514013,0
02,567,595,190,0.011783527210354805,0.5084615695302749,0.024928975641342273,0.0,0.012464487820671137,0
02,568,595,190,0.014042333699762821,0.4931136152510219,0.07376966717107482,0.0,0.03688483358553741,0
02,569,595,190,0.016660330817103386,0.596833474696072,0.1303769021127763,0.0,0.06518845105638815,0
02,570,595,191,0.012796569615602493,0.4898016882749692,0.04683332727715136,0.0,0.02341666363857568,0
02,571,595,191,0.01441182754933834,0.41831253281635095,0.08175899038839074,0.0,0.04087949519419537,0
02,572,595,191,0.017849674448370934,0.4948099680924123,0.15609329955097118,0.0,0.07804664977548559,0
02,573,595,193,0.013805754482746124,1.3215800315036954,0.0686542698960801,0.05166031928693346,0.06015729459150678,0
02,574,595,193,0.013842567801475525,0.9729391332444772,0.06945026014698451,0.017342028069078384,0.04339614410803144,0
02,575,595,193,0.013686197809875011,0.7093178238216408,0.06606917435673201,0.0,0.03303458717836601,0
02,576,595,193,0.01098708901554346,0.5204975968334725,0.007708114811660328,0.0,0.003854057405830164,0
02,577,595,194,0.012479054741561413,0.9287127913082104,0.03996791136310088,0.012988630376359148,0.026478270869730012,0
02,578,595,195,0.011818408034741879,1.4644371743608382,0.025683180834297208,0.0657223901902645,0.04570278551228085,0
02,579,595,195,0.010664321482181549,1.0715699341653533,0.0007291240894965895,0.027050701279690205,0.013889912684593397,0
02,580,595,195,0.010495844297111034,0.7926410598166294,0.0,0.0,0.0,0
02,581,595,195,0.010257617570459843,0.6174320449129582,0.0,0.0,0.0,0
02,582,595,196,0.011227861978113651,0.8861828022133368,0.012914190696749725,0.008802212321169085,0.010858201508959404,0
02,583,595,196,0.01169836800545454,0.5970354214629021,0.023087633996117424,0.0,0.011543816998058712,0
02,584,595,196,0.011598663404583931,0.4439193828506775,0.020931786791830016,0.0,0.010465893395915008,0
02,585,595,196,0.012360838241875172,0.5220727816147639,0.03741179350972353,0.0,0.018705896754861766,0
02,586,595,196,0.011636859737336636,0.7243830526273273,0.02175768104806211,0.0,0.010878840524031055,0
02,587,595,196,0.013021999038755894,0.9641342542105904,0.051707639870810625,0.016475324236189998,0.03409148205350031,0
02,588,595,196,0.010770619846880436,1.249848539924876,0.0030275439252453224,0.04459946604285209,0.023813504984048706,0
02,589,595,196,0.011564078740775585,1.5355628256391618,0.020183985284864446,0.0727236078495142,0.04645379656718933,0
02,590,595,196,0.010715083219110966,1.8212771113534476,0.0018267118405982017,0.10084774965617632,0.05133723074838726,0
02,591,595,196,0.011047063395380974,2.0593723494486857,0.009004901499261291,0.12428453449506141,0.06664471799716135,0
02,592,595,196,0.010724070481956005,2.297467587543924,0.002021037531784892,0.1477213193339465,0.0748711784328657,0
02,593,595,196,0.010169247165322304,2.535562825639162,0.0,0.1711581041728316,0.0855790520864158,0
02,594,595,196,0.011968955397605896,2.678419968496305,0.028938367741513506,0.18522017507616265,0.10707927140883808,0
03,35,573,197,0.03666418790817261,12.440324730401068,0.5629071866551302,1.1461283534704514,0.8545177700627908,1
03,36,573,197,0.03608258441090584,12.059372349448685,0.5503315556146579,1.1086294977282352,0.8294805266714464,1
03,37,573,197,0.03604518622159958,11.678419968496305,0.5495229190907933,1.0711306419860191,0.8103267805384062,1
03,38,573,197,0.03521230071783066,11.297467587543924,0.5315139819994956,1.033631786243803,0.7825728841216493,1
03,39,573,197,0.035643626004457474,10.868896158972495,0.5408402458347987,0.9914455735338097,0.7661429096843042,1
03,40,573,197,0.03703257814049721,10.392705682782019,0.5708726470803159,0.9445720038560396,0.7577223254681777,1
03,41,573,197,0.0360533744096756,9.916515206591543,0.5496999669122351,0.8976984341782693,0.7236992005452523,1
03,42,573,197,0.03614306077361107,9.440324730401066,0.551639196348637,0.8508248645004992,0.701232030424568,1
03,43,573,197,0.03587935492396355,8.916515206591543,0.5459372576842957,0.799263937854952,0.6726005977696239,1
03,44,573,197,0.034975387156009674,8.392705682782019,0.5263913554060413,0.7477030112094047,0.637047183307723,1
03,45,573,197,0.037228818982839584,7.868896158972495,0.575115834131231,0.6961420845638575,0.6356289593475443,1
03,46,573,197,0.03708156570792198,7.297467587543924,0.5719318731276134,0.6398938009505334,0.6059128370390734,1
03,47,573,197,0.037880681455135345,6.678419968496304,0.5892106289171049,0.578958160369432,0.5840843946432684,1
03,48,573,197,0.037669822573661804,6.059372349448686,0.5846513655916958,0.5180225197883309,0.5513369426900134,1
03,49,573,197,0.03883276879787445,5.440324730401066,0.6097969892069897,0.4570868792072296,0.5334419342071096,1
03,50,573,197,0.0406072661280632,4.7736580637344,0.6481657813680199,0.3914638816583514,0.5198148315131856,1
03,51,573,197,0.038644760847091675,4.106991397067733,0.605731816571628,0.32584088410947315,0.4657863503405506,1
03,52,573,197,0.03620357811450958,3.392705682782019,0.5529477231272184,0.25553052959281786,0.40423912636001813,1
03,53,573,197,0.036306966096162796,3.392705682782019,0.5551832136588264,0.25553052959281786,0.4053568716258221,1
03,54,573,197,0.036721210926771164,3.392705682782019,0.5641401579939881,0.25553052959281786,0.409835343793403,1
03,55,573,197,0.03567192703485489,3.392705682782019,0.5414521804569522,0.25553052959281786,0.39849135502488503,1
03,56,573,197,0.03466793894767761,3.392705682782019,0.5197436044034972,0.25553052959281786,0.38763706699815753,1
03,57,573,197,0.03480095788836479,3.392705682782019,0.5226197857320788,0.25553052959281786,0.3890751576624483,1
03,58,573,197,0.034987080842256546,3.392705682782019,0.5266442003157346,0.25553052959281786,0.3910873649542762,1
03,59,573,197,0.03266604244709015,3.392705682782019,0.47645790909576513,0.25553052959281786,0.3659942193442915,1
03,60,573,197,0.034158095717430115,3.392705682782019,0.5087195985606743,0.25553052959281786,0.38212506407674607,1
03,61,573,197,0.034887295216321945,3.392705682782019,0.5244866011596199,0.25553052959281786,0.39000856537621886,1
03,62,573,197,0.03342727571725845,3.392705682782019,0.492917556925183,0.25553052959281786,0.37422404325900044,1
03,63,573,5,0.03520701825618744,4.226341936265599,0.531399762795308,0.3375890943213314,0.43449442855831966,1
03,64,573,5,0.03230932727456093,3.8777010380063808,0.46874489083272614,0.30327080310347637,0.38600784696810125,1
03,65,573,24,0.03320334479212761,21.559675269598934,0.4880756453716398,2.0437870305921657,1.2659313379819028,1
03,66,573,24,0.03606095910072327,20.30627246657781,0.5498639657131702,1.9204089569865472,1.2351364613498588,1
03,67,573,25,0.03729669749736786,19.940627650551313,0.5765835267401896,1.8844168936877472,1.2305002102139684,1
03,68,573,25,0.03825753554701805,18.64130215275253,0.5973590978274206,1.7565184427518803,1.1769387702896505,1
03,69,573,25,0.03651081398129463,17.406599620340074,0.5595908828077324,1.6349811208647358,1.097286001836234,1
03,70,573,25,0.036353059113025665,16.234823700472553,0.5561798527373976,1.5196379483887845,1.037908900563091,1
03,71,573,25,0.03658825159072876,15.095359263298192,0.5612652654575553,1.407475340437194,0.9843703029473747,1
03,72,573,25,0.03530865162611008,13.988206308816993,0.5335973145080356,1.2984932970099645,0.9160453057590001,1
03,73,573,25,0.035372644662857056,12.913364837028956,0.5349809939787942,1.192691818107096,0.8638364060429451,1
03,74,573,25,0.0351162888109684,11.870834847934082,0.5294379794963021,1.0900709037285885,0.8097544416124454,1
03,75,573,25,0.032055746763944626,10.860616341532369,0.4632618857346627,0.9906305538744419,0.7269462198045523,1
03,76,573,186,0.03241897001862526,29.202229492305833,0.4711156239904491,2.7960780061279618,1.6335968150592055,1
03,77,573,186,0.03324870765209198,28.678419968496307,0.48905649674638807,2.7445170794824145,1.6167867881144014,1
03,78,573,186,0.031177448108792305,28.154610444686785,0.44427100985024126,2.6929561528368673,1.5686135813435542,1
03,79,573,186,0.03023320622742176,27.63080092087726,0.4238542868269426,2.64139522619132,1.5326247565091313,1
03,80,573,186,0.031638454645872116,27.106991397067738,0.4542390519008935,2.589834299545773,1.5220366757233332,1
03,81,573,186,0.033360887318849564,26.583181873258212,0.4914820841199445,2.5382733729002256,1.514877728510085,1
03,82,573,186,0.03417560085654259,26.05937234944869,0.5090981007048758,2.486712446254679,1.4979052734797773,1
03,83,573,186,0.03339448943734169,25.535562825639165,0.49220864069383213,2.435151519609131,1.4636800801514815,1
03,84,573,186,0.03470214083790779,24.63080092087726,0.5204831294483822,2.346091737221368,1.433287433334875,1
03,85,573,186,0.0366828478872776,23.726039016115354,0.5633106591472148,2.2570319548336046,1.4101713069904096,1
03,86,573,186,0.03627299517393112,21.916515206591544,0.554448682683518,2.0789123900580777,1.3166805363707978,1
03,87,573,186,0.03721768036484718,20.106991397067734,0.5748749910984234,1.900792825282551,1.2378339081904872,1
03,88,573,29,0.035676293075084686,23.920029080334423,0.541546584481852,2.2761272690967367,1.4088369267892944,1
03,89,573,29,0.03511602431535721,23.72276747849267,0.5294322604811418,2.2567099226755127,1.3930710915783273,1
03,90,573,29,0.035653986036777496,23.525505876650918,0.5410642540201626,2.2372925762542892,1.389178415137226,1
03,91,573,184,0.03214048966765404,20.726039016115354,0.4650942259722233,1.9617284658636525,1.2134113459179379,1
03,92,573,184,0.03424636274576187,18.773658063734402,0.5106281386340328,1.7695468301847948,1.1400874844094138,1
03,93,573,184,0.035253774374723434,16.82127711135345,0.5324107396865346,1.577365194505937,1.054887967096236,1
03,94,573,27,0.034086063504219055,28.0187810493154,0.5071620932488459,2.6795858547175846,1.5933739739832151,1
03,95,573,184,0.03442712500691414,14.964134254210592,0.5145366424738055,1.3945582727626333,0.9545474576182194,1
03,96,573,184,0.03387092053890228,13.01175330182964,0.5025101979877418,1.2023766370837756,0.8524434175357587,1
03,97,573,184,0.03315938636660576,12.916515206591544,0.4871251611618976,1.1930019231482216,0.8400635421550596,1
03,98,573,184,0.0357382707297802,12.82127711135345,0.5428866866680792,1.1836272092126676,0.8632569479403733,1
03,99,573,184,0.03628542646765709,12.726039016115354,0.5547174763960527,1.1742524952771136,0.8644849858365832,1
03,100,573,184,0.039649270474910736,12.630800920877258,0.6274516695563851,1.1648777813415594,0.8961647254489722,1
03,101,573,8,0.03895780071616173,19.520497596833472,0.6125004723876317,1.8430616034597431,1.2277810379236875,1
03,102,573,8,0.03780074790120125,18.634435962680236,0.5874822780960508,1.7558425727904539,1.1716624254432524,1
03,103,573,8,0.03849220275878906,17.780685811220163,0.6024331530667669,1.6718041066455256,1.1371186298561462,1
03,104,573,8,0.0407525934278965,16.959247142453247,0.6513080982753294,1.5909462050249579,1.1211271516501435,1
03,105,573,8,0.04061511904001236,16.170119956379498,0.6483355797336248,1.5132688679287518,1.0808022238311883,1
03,106,573,8,0.03909924626350403,15.413304252998909,0.6155588567062503,1.4387720953569065,1.0271654760315785,1
03,107,573,8,0.03594290837645531,14.688800032311484,0.5473114323129568,1.3674558873094222,0.9573836598111896,1
03,108,573,8,0.03497987240552902,13.996607294317217,0.5264883370152387,1.2993202437862985,0.9129042904007686,1
03,109,573,8,0.03740416094660759,12.705803950078757,0.578907138434972,1.172260666743732,0.875583902589352,1
03,110,573,8,0.03746804594993591,11.4150006058403,0.5802884819699607,1.0452010897011659,0.8127447858355633,1
03,111,573,8,0.036675356328487396,10.12419726160184,0.5631486740840121,0.9181415126585994,0.7406450933713058,1
03,112,573,8,0.0368141233921051,9.369077911062643,0.566149143305444,0.843811719724283,0.7049804315148636,1
03,113,573,8,0.03559177741408348,8.646270043216603,0.5397191577643587,0.7726624913143271,0.6561908245393429,1
03,114,573,8,0.03406839817762375,7.955773658063736,0.5067801274757444,0.7046938274287332,0.6057369774522388,1
03,115,573,8,0.03342665731906891,6.857142857142854,0.4929041857066392,0.5965506578948035,0.5447274218007214,1
03,116,573,173,0.035818323493003845,31.011753301829643,0.5446176150734308,2.9741975709034887,1.7594075929884596,1
03,117,573,173,0.03315417468547821,30.487943778020117,0.48701247239838663,2.922636644257941,1.7048245583281638,1
03,118,573,173,0.03328702971339226,29.964134254210595,0.4898851095485591,2.871075717612394,1.6804804135804767,1
03,119,573,173,0.03265001252293587,29.44032473040107,0.47611130455724643,2.819514790966847,1.6478130477620467,1
03,120,573,171,0.03358933702111244,30.821277111353453,0.49642170222826887,2.9554481430323807,1.7259349226303247,1
03,121,573,61,0.034746259450912476,55.51205622197988,0.5214370772870243,5.385872548617179,2.953654812952102,1
03,122,573,61,0.033796072006225586,53.02055818086352,0.5008917972468825,5.1406231938493585,2.8207574955481203,1
03,123,573,61,0.03532707691192627,50.56137162244032,0.5339957123810343,4.898554403605899,2.7162750579934665,1
03,124,573,61,0.03448363393545151,48.13449654671029,0.51575849798038,4.6596661778868,2.5877123379335902,1
03,125,573,61,0.034563396126031876,45.73993295367342,0.5174831435240062,4.423958516692062,2.4707208301080343,1
03,126,573,61,0.03635051101446152,43.3776808433297,0.5561247568730362,4.191431420021686,2.3737780884473607,1
03,127,573,61,0.03730059415102005,41.04774021567914,0.5766677815269176,3.9620848878756685,2.269376334701293,1
03,128,573,61,0.035625409334897995,38.75011107072175,0.5404463587343208,3.7359189202540133,2.138182639494167,1
03,129,573,61,0.03401809185743332,36.48479340845753,0.5056923869021548,3.51293351715672,2.0093129520294375,1
03,130,573,61,0.03542601317167282,34.251787228886464,0.5361349462490286,3.293128678583787,1.914631812416408,1
03,131,573,61,0.03369323909282684,32.05109253200856,0.49866830859216027,3.0765044045352146,1.7875863565636874,1
03,132,573,61,0.03202350065112114,29.88270931782382,0.46256464918216034,2.863060695011004,1.6628126720965821,1
03,133,573,61,0.03089207597076893,27.74663758633224,0.43810059523981004,2.6527975500111536,1.5454490726254817,1
03,134,573,61,0.03206325322389603,25.642877337533825,0.4634241929959026,2.445714969535665,1.4545695812657837,1
03,135,573,61,0.03304113447666168,23.57142857142857,0.4845682780881819,2.2418129535845366,1.3631906158363591,1
03,136,573,61,0.034343574196100235,21.532291288016477,0.512730078079221,2.04109150215777,1.2769107901184955,1
03,137,573,61,0.03463989496231079,17.85879882063088,0.5191372276974854,1.6794931213831683,1.099315174540327,1
03,138,573,61,0.0358046293258667,14.217617835938446,0.5443215150772432,1.3210753051329278,0.9326984101050855,1
03,139,573,61,0.03529784083366394,10.608748333939175,0.5333635598320464,0.9658380534070484,0.7496008066195474,1
03,140,573,61,0.03420393168926239,7.0321903146330635,0.5097106797231037,0.6137813662055296,0.5617460229643166,1
03,141,573,61,0.03730776906013489,3.3927056827820197,0.5768229198818298,0.25553052959281797,0.41617672473732387,1
03,142,573,61,0.035650864243507385,3.3927056827820197,0.540996753531369,0.25553052959281797,0.3982636415620935,1
03,143,573,61,0.03457970172166824,3.3927056827820197,0.5178357087262131,0.25553052959281797,0.38668311915951553,1
03,144,573,61,0.03406640514731407,3.3927056827820197,0.5067370334882688,0.25553052959281797,0.3811337815405434,1
03,145,573,61,0.034722186625003815,3.3927056827820197,0.5209165663579265,0.25553052959281797,0.38822354797537223,1
03,146,573,61,0.03347885236144066,3.3927056827820197,0.49403276488144404,0.25553052959281797,0.37478164723713103,1
03,147,573,61,0.0362636037170887,3.3927056827820197,0.5542456173705723,0.25553052959281797,0.40488807348169514,1
03,148,573,61,0.03584399074316025,3.3927056827820197,0.545172601192509,0.25553052959281797,0.4003515653926635,1
03,149,573,61,0.03748466446995735,3.3927056827820197,0.580647813330949,0.25553052959281797,0.41808917146188346,1
03,150,573,61,0.03714911639690399,3.3927056827820197,0.5733924773797535,0.25553052959281797,0.41446150348628574,1
03,151,573,61,0.03806360438466072,3.3927056827820197,0.5931658514722716,0.25553052959281797,0.4243481905325448,1
03,152,573,61,0.0384921133518219,3.3927056827820197,0.6024312198785438,0.25553052959281797,0.42898087473568086,1
03,153,573,61,0.03905593231320381,3.3927056827820197,0.6146223075616171,0.25553052959281797,0.4350764185772175,1
03,154,573,61,0.03734183683991432,3.3927056827820197,0.5775595451443799,0.25553052959281797,0.41654503736859894,1
03,155,573,61,0.03711077198386192,3.3927056827820197,0.5725633812805268,0.25553052959281797,0.41404695543667236,1
03,156,573,61,0.03598644956946373,3.3927056827820197,0.5482528949776573,0.25553052959281797,0.4018917122852376,1
03,157,573,61,0.03629569709300995,3.3927056827820197,0.5549395513931934,0.25553052959281797,0.4052350404930057,1
03,158,573,61,0.03969777002930641,3.3927056827820197,0.6285003436179641,0.25553052959281797,0.44201543660539105,1
03,159,573,61,0.03727870061993599,3.3927056827820197,0.5761943920607604,0.25553052959281797,0.4158624608267892,1
03,160,573,61,0.038067251443862915,3.3927056827820197,0.5932447094418766,0.25553052959281797,0.42438761951734727,1
03,161,573,61,0.03907634690403938,3.3927056827820197,0.615063718872582,0.25553052959281797,0.4352971242327,1
03,162,573,61,0.03992948681116104,3.3927056827820197,0.6335106036459448,0.25553052959281797,0.4445205666193814,1
03,163,573,61,0.03847244754433632,3.3927056827820197,0.6020059990189481,0.25553052959281797,0.42876826430588305,1
03,164,573,61,0.03889474272727966,3.3927056827820197,0.6111370108437075,0.25553052959281797,0.43333377021826275,1
03,165,573,61,0.037009358406066895,3.3927056827820197,0.5703705819888479,0.25553052959281797,0.41295055579083295,1
03,166,573,61,0.03975377231836319,3.3927056827820197,0.6297112443912738,0.25553052959281797,0.4426208869920459,1
03,167,573,61,0.03905680030584335,3.3927056827820197,0.614641075597284,0.25553052959281797,0.435085802595051,1
03,168,573,61,0.03955208882689476,3.3927056827820197,0.6253503745072712,0.25553052959281797,0.44044045205004456,1
03,169,573,61,0.03737190365791321,3.3927056827820197,0.5782096602339417,0.25553052959281797,0.41687009491337984,1
03,170,573,61,0.038093239068984985,3.3927056827820197,0.5938066228187546,0.25553052959281797,0.4246685762057863,1
03,171,573,61,0.038671400398015976,3.3927056827820197,0.6063078261126337,0.25553052959281797,0.4309191778527258,1
03,172,573,61,0.037414487451314926,3.3927056827820197,0.579130421674752,0.25553052959281797,0.417330475633785,1
03,173,573,61,0.03869205713272095,3.3927056827820197,0.6067544731417032,0.25553052959281797,0.43114250136726057,1
03,174,573,61,0.03716927021741867,3.3927056827820197,0.5738282502250676,0.25553052959281797,0.41467938990894276,1
03,175,573,61,0.037037089467048645,3.3927056827820197,0.5709701925360785,0.25553052959281797,0.41325036106444824,1
03,176,573,61,0.03629833832383156,3.3927056827820197,0.5549966609952872,0.25553052959281797,0.4052635952940526,1
03,177,573,61,0.03588516265153885,3.3927056827820197,0.5460628343692946,0.25553052959281797,0.4007966819810563,1
03,178,573,61,0.037463266402482986,3.3927056827820197,0.5801851369495287,0.25553052959281797,0.4178578332711733,1
03,179,573,61,0.03679486736655235,3.3927056827820197,0.5657327828918713,0.25553052959281797,0.41063165624234466,1
03,180,573,61,0.03472915291786194,3.3927056827820197,0.5210671939403178,0.25553052959281797,0.38829886176656786,1
03,181,573,61,0.03227259963750839,3.3927056827820197,0.46795075322053564,0.25553052959281797,0.36174064140667683,1
03,182,573,61,0.032078612595796585,3.3927056827820197,0.46375629862274725,0.25553052959281797,0.3596434141077826,1
03,183,573,63,0.030893990769982338,1.9556524900036347,0.4381419976875904,0.11407492237186255,0.27610846002972644,1
03,184,573,63,0.031185155734419823,1.8927258774587024,0.4444376667849833,0.10788077296066959,0.27615921987282643,1
03,185,573,63,0.032707493752241135,1.8621107476069314,0.47735418348574826,0.10486718807383755,0.29111068577979293,1
03,186,573,63,0.03188544139266014,1.8638071004483219,0.45957948436749557,0.10503416771136645,0.282306826039431,1
03,187,573,63,0.031439587473869324,1.897814935982875,0.4499390774459218,0.10838171187325642,0.27916039465958914,1
03,188,573,63,0.03261595964431763,1.964134254210591,0.4753750014927335,0.11490982055950744,0.2951424110261205,1
03,189,573,63,0.0332917757332325,2.059372349448686,0.4899877296234075,0.12428453449506145,0.30713613205923446,1
03,190,573,63,0.035753678530454636,2.1546104446867815,0.5432198394385447,0.1336592484306155,0.3384395439345801,1
03,191,573,76,0.038267266005277634,10.131103841027503,0.5975694931457126,0.9188213583256816,0.7581954257356971,1
03,192,573,76,0.03764007240533829,9.449129609434952,0.5840080972104246,0.8516915683333874,0.7178498327719061,1
03,193,573,76,0.03571399673819542,8.799466860535563,0.5423618260654791,0.7877423428654543,0.6650520844654667,1
03,194,573,76,0.039141103625297546,8.182115594329336,0.6164639109927471,0.7269736819218819,0.6717187964573146,1
03,195,573,77,0.036335766315460205,8.262046124641543,0.5558059419152261,0.7348416034140198,0.645323772664623,1
03,196,573,77,0.04227949678897858,7.598772163657659,0.6843233283997417,0.6695525651401996,0.6769379467699707,1
03,197,573,77,0.040691595524549484,7.000121168060099,0.6499891806100482,0.6106246559151012,0.6303069182625747,1
03,198,573,77,0.037170279771089554,6.464396785007471,0.5738500791420879,0.5578908961011958,0.5658704876216418,1
03,199,573,77,0.03609113767743111,5.960983884648005,0.550516497288011,0.5083377008116514,0.5294270990498312,1
03,200,573,77,0.03701861947774887,5.489882466981702,0.5705708280689682,0.46196507004646814,0.5162679490577182,1
03,201,573,77,0.03436335548758507,5.0510925320085605,0.513157795973605,0.41877300380564575,0.4659653998896254,1
03,202,573,77,0.03547651320695877,4.644614079728582,0.5372268753971018,0.37876150208918447,0.4579941887431431,1
03,203,573,77,0.034143153578042984,4.270447110141765,0.5083965144788712,0.3419305648970841,0.4251635396879777,1
03,204,573,77,0.036097656935453415,4.023829718486205,0.5506574589292863,0.3176549061648988,0.43415618254709254,1
03,205,573,77,0.03692149743437767,3.809523809523808,0.5684708218120031,0.2965598119570746,0.43251531688453887,1
03,206,573,77,0.03404198959469795,3.6275293832545725,0.5062091120043154,0.2786452822736113,0.39242719713896335,1
03,207,573,77,0.034576550126075745,3.4778464396785,0.5177675638413451,0.26391131711450905,0.39083944047792707,1
03,208,573,77,0.03736948221921921,3.3604749787955885,0.5781573030528966,0.2523579164797677,0.41525760976633214,1
03,209,573,77,0.03672920912504196,3.27541500060584,0.5643130977904556,0.24398508036938746,0.40414908907992153,1
03,210,573,77,0.03833300247788429,3.222666505109253,0.5989908697868237,0.23879280878336812,0.4188918392850959,1
03,211,573,77,0.036171793937683105,3.2022294923058285,0.5522604747138693,0.23678110172170985,0.3945207882177896,1
03,212,573,77,0.03689872846007347,3.249848539924876,0.5679785032111604,0.24146845868948685,0.4047234809503236,1
03,213,573,77,0.03485187515616417,3.297467587543924,0.5237207364251937,0.24615581565726385,0.38493827604122877,1
03,214,573,77,0.03384876251220703,3.3450866351629713,0.5020310895064243,0.25084317262504086,0.37643713106573257,1
03,215,573,77,0.032588232308626175,3.392705682782019,0.4747754714950122,0.25553052959281786,0.36515300054391503,1
03,216,573,77,0.0305861197412014,3.392705682782019,0.4314851043157407,0.25553052959281786,0.3435078169542793,1
03,217,573,77,0.03283306211233139,3.392705682782019,0.4800692657957295,0.25553052959281786,0.3677998976942737,1
03,218,573,77,0.03191544860601425,3.392705682782019,0.46022831066490855,0.25553052959281786,0.3578794201288632,1
03,219,573,77,0.032794151455163956,3.392705682782019,0.4792279261710891,0.25553052959281786,0.3673792278819535,1
03,220,573,77,0.032362889498472214,3.392705682782019,0.4699030316774442,0.25553052959281786,0.362716780635131,1
03,221,573,77,0.03177667036652565,3.392705682782019,0.45722759979494887,0.25553052959281786,0.35637906469388336,1
03,222,573,77,0.031736116856336594,3.392705682782019,0.45635073783670704,0.25553052959281786,0.3559406337147625,1
03,223,573,77,0.03493664413690567,3.392705682782019,0.5255536405093194,0.25553052959281786,0.39054208505106863,1
03,224,573,80,0.03370055928826332,1.658063734399614,0.4988265883779351,0.08478192310249798,0.2918042557402165,1
03,225,573,80,0.03394671529531479,1.5475180742356325,0.5041490583039633,0.07390041672352785,0.2890247375137456,1
03,226,573,80,0.0369844064116478,1.4692838967648139,0.5698310613755553,0.06619947486891879,0.318015268122237,1
03,227,573,80,0.03584114834666252,1.4233612019871569,0.545111141916913,0.06167909753867069,0.3033951197277919,1
03,228,573,82,0.032599568367004395,1.3333333333333346,0.47502058365181266,0.05281724963266992,0.26391891664224126,1
03,229,573,82,0.031045325100421906,1.127549577931258,0.44141420067864634,0.03256102931814578,0.23698761499839605,1
03,230,573,82,0.03154081478714943,0.9574700109051264,0.4521278492621357,0.015819332803040608,0.23397359103258814,1
03,231,573,82,0.02948254533112049,0.8520134092653177,0.4076232385049186,0.00543876533665731,0.20653100192078797,1
03,232,573,82,0.02983623743057251,0.8111797730118345,0.4152708908411605,0.0014193269189961453,0.20834510888007832,1
03,233,573,82,0.028388062492012978,0.8349691021446742,0.38395795377154357,0.0037610175500568427,0.19385948566080022,1
03,234,573,82,0.029449664056301117,0.9199886909810573,0.40691226826108057,0.012129877954781744,0.20952107310793117,1
03,235,573,82,0.02892911620438099,1.0373197625106019,0.3956568034032835,0.02367930288386759,0.20966805314357556,1
03,236,573,82,0.02831859327852726,1.1869623167333092,0.3824558665221138,0.03840929233731449,0.21043257942971413,1
03,237,573,82,0.029368896037340164,1.368916353649178,0.4051658743499433,0.05631984631512233,0.2307428603325328,1
03,238,573,82,0.029929550364613533,1.5831818732582095,0.4172885352248661,0.07741096481729123,0.24734975002107867,1
03,239,573,82,0.029527682811021805,1.8212771113534476,0.4085992166343543,0.10084774965617632,0.2547234831452653,1
03,240,573,82,0.02986537106335163,2.0593723494486857,0.41590082827864255,0.12428453449506141,0.270092681386852,1
03,241,573,82,0.03344711661338806,2.297467587543924,0.4933465636117158,0.1477213193339465,0.32053394147283115,1
03,242,573,82,0.0329299196600914,2.535562825639162,0.4821635530375343,0.1711581041728316,0.3266608286051829,1
03,243,573,82,0.03347860276699066,2.7736580637343997,0.49402736806432096,0.19459488901171665,0.3443111285380188,1
03,244,573,82,0.03356911987066269,3.011753301829638,0.49598456004129676,0.21803167385060176,0.35700811694594925,1
03,245,573,82,0.031802088022232056,3.106991397067733,0.457777189096904,0.22740638778615577,0.3425917884415299,1
03,246,573,82,0.03149371221661568,3.2022294923058285,0.4511093812665442,0.23678110172170985,0.34394524149412703,1
03,247,573,82,0.02985393814742565,3.297467587543924,0.4156536218346003,0.24615581565726385,0.3309047187459321,1
03,248,573,82,0.02979380451142788,3.392705682782019,0.41435339165547674,0.25553052959281786,0.3349419606241473,1
03,249,573,82,0.029840119183063507,3.392705682782019,0.41535482342985125,0.25553052959281786,0.3354426765113345,1
03,250,573,82,0.030168138444423676,3.392705682782019,0.42244736882275097,0.25553052959281786,0.33898894920778444,1
03,251,573,82,0.03176291659474373,3.392705682782019,0.4569302110066126,0.25553052959281786,0.3562303702997152,1
03,252,573,85,0.0312725231051445,1.658063734399614,0.44632675415184586,0.08478192310249798,0.2655543386271719,1
03,253,573,85,0.030880622565746307,1.5475180742356325,0.4378529457734667,0.07390041672352785,0.2558766812484973,1
03,254,573,85,0.03005239926278591,1.4692838967648139,0.41994481639305825,0.06619947486891879,0.24307214563098853,1
03,255,573,85,0.029769329354166985,1.4233612019871569,0.41382418137937454,0.06167909753867069,0.2377516394590226,1
03,256,573,85,0.029158875346183777,1.4097499899026624,0.4006247346641269,0.060339284732783625,0.23048200969845525,1
03,257,573,85,0.031223779544234276,1.4284502605113294,0.4452728040974076,0.0621800364512575,0.25372642027433256,1
03,258,573,85,0.031771499663591385,1.4794620138131593,0.4571157970760402,0.06720135269409244,0.26215857488506633,1
03,259,573,85,0.03129688277840614,1.5627852498081505,0.44685346739315973,0.07540323346128831,0.26112835042722404,1
03,260,573,86,0.030646799132227898,0.9930934205743378,0.43279713499797673,0.019325905191148626,0.22606152009456268,1
03,261,573,86,0.030702931806445122,1.030493961791672,0.4340108550041119,0.023007408628096384,0.22850913181610413,1
03,262,573,86,0.03310728445649147,1.1325174683953316,0.48599859572482523,0.03305004111376627,0.25952431841929574,1
03,263,573,86,0.03010951168835163,1.2974675875439237,0.42117972092013933,0.049286823010629116,0.23523327196538424,1
03,264,573,86,0.030987799167633057,1.4879437780201141,0.4401703551560329,0.06803625088173718,0.25410330301888506,1
03,265,573,86,0.0319569930434227,1.6784199684963046,0.4611265987926242,0.08678567875284525,0.2739561387727347,1
03,266,573,86,0.03365430235862732,1.868896158972495,0.4978264051209547,0.10553510662395332,0.301680755872454,1
03,267,573,86,0.03425298631191254,2.0593723494486857,0.5107713556615685,0.12428453449506141,0.31752794507831494,1
03,268,573,86,0.03402514010667801,2.249848539924876,0.5058447865737508,0.14303396236616947,0.32443937446996013,1
03,269,573,86,0.034348372370004654,2.4403247304010667,0.5128338258471996,0.16178339023727756,0.3373086080422386,1
03,270,573,86,0.035270385444164276,2.630800920877257,0.5327699099485042,0.1805328181083856,0.3566513640284449,1
03,271,573,86,0.03479371219873428,2.8212771113534476,0.52246311693649,0.19928224597949368,0.3608726814579918,1
03,272,573,86,0.034708164632320404,3.011753301829638,0.5206133780049206,0.21803167385060176,0.36932252592776116,1
03,273,573,86,0.035478625446558,3.0593723494486857,0.537272546968875,0.22271903081837877,0.3799957888936269,1
03,274,573,86,0.034513529390096664,3.106991397067733,0.5164049077925139,0.22740638778615577,0.3719056477893348,1
03,275,573,86,0.03416670113801956,3.1546104446867806,0.5089056679271576,0.23209374475393277,0.3704997063405452,1
03,276,573,88,0.034345339983701706,1.7651762995274463,0.5127682585466293,0.09532549450075467,0.304046876523692,1
03,277,573,88,0.03631267324090004,1.7498687346015602,0.5553066155070743,0.0938187020573386,0.3245626587822064,1
03,278,573,105,0.0346541665494442,14.60729431721798,0.5194458128676144,1.3594329132967213,0.9394393630821678,1
03,279,573,105,0.03395618125796318,13.68722484753019,0.504353734607095,1.268866338465542,0.8866100365363185,1
03,280,573,105,0.035553693771362305,12.799466860535563,0.538895700130783,1.1814803281587238,0.8601880141447534,1
03,281,573,105,0.035196851938962936,11.991639403853144,0.5311799431844278,1.1019622393440434,0.8165710912642357,1
03,282,573,105,0.035649217665195465,11.216123429863888,0.5409611506482582,1.025624715053724,0.7832929328509912,1
03,283,573,105,0.03641826659440994,10.472918938567792,0.557589791348188,0.9524677552877656,0.7550287733179768,1
03,284,573,105,0.03586307540535927,9.76202592996486,0.5455852563286538,0.8824913600461682,0.7140383081874111,1
03,285,573,105,0.03623514994978905,9.08344440405509,0.5536303802185375,0.8156955293289319,0.6846629547737346,1
03,286,573,105,0.03666903078556061,8.437174360838483,0.5630119010172204,0.7520802631360566,0.6575460820766386,1
03,287,573,105,0.03420988470315933,7.823215800315035,0.5098393978389654,0.691645561467542,0.6007424796532537,1
03,288,573,105,0.036440733820199966,7.241568722484753,0.5580755854387773,0.6343914243233888,0.5962335048810831,1
03,289,573,105,0.03775361552834511,6.69223312734763,0.5864631657043848,0.5803178517035963,0.5833905087039906,1
03,290,573,105,0.042162030935287476,6.175209014903671,0.6817834412724884,0.529424843608165,0.6056041424403267,1
03,291,573,105,0.057279810309410095,5.690496385152872,1.0086652713400055,0.4817124000370944,0.74518883568855,1
03,292,573,105,0.0584891177713871,5.238095238095236,1.0348133335985399,0.43718052099038507,0.7359969272944624,1
03,293,573,105,0.053227078169584274,4.818005573730763,0.9210357018208648,0.39582920646803665,0.6584324541444507,1
03,294,573,105,0.05070099979639053,4.430227392059452,0.8664159656090133,0.3576584564700493,0.6120372110395313,1
03,295,573,105,0.05292278900742531,4.074760693081303,0.9144562568022073,0.3226682709964229,0.6185622638993151,1
03,296,573,105,0.05590910464525223,3.7516054767963163,0.9790274015910405,0.2908586500471576,0.6349430258190991,1
03,297,573,105,0.05467364192008972,3.555999838442586,0.9523138012277094,0.27160430755780723,0.6119590543927583,1
03,298,573,105,0.05312513932585716,3.392705682782019,0.9188315450483746,0.25553052959281786,0.5871810373205962,1
03,299,573,105,0.05476367101073265,3.392705682782019,0.9542604412189669,0.25553052959281786,0.6048954854058923,1
03,300,573,105,0.06489995121955872,3.392705682782019,1.1734305814056776,0.25553052959281786,0.7144805554992477,1
03,301,573,105,0.07353687286376953,3.392705682782019,1.3601810745397416,0.25553052959281786,0.8078558020662797,1
03,302,573,105,0.08639772236347198,3.392705682782019,1.638262789892836,0.25553052959281786,0.9468966597428269,1
03,303,573,107,0.05843864381313324,1.955652490003637,1.0337219682970318,0.11407492237186276,0.5738984453344472,1
03,304,573,107,0.019629983231425285,1.892725877458703,0.1945877489465098,0.10788077296066964,0.15123426095358972,0
03,305,573,107,0.01611599326133728,1.862110747606932,0.11860704808858828,0.10486718807383762,0.11173711808121295,0
03,306,573,108,0.015471696853637695,1.3740458015267187,0.10467584935610312,0.05682476093336476,0.08075030514473394,0
03,307,573,109,0.014386267401278019,1.2125287774142757,0.08120632006770487,0.04092591401721533,0.061066117042460094,0
03,308,573,109,0.013108689337968826,1.0543640696312466,0.05358208736435785,0.025357050670468187,0.03946956901741302,0
03,309,573,109,0.012025249190628529,0.9335999030655531,0.03015557151392589,0.013469690760668939,0.021812631137297415,0
03,310,573,109,0.012512501329183578,0.9080738317379546,0.04069110499497524,0.010957044786423713,0.025824074890699475,0
03,311,573,109,0.012333174236118793,0.9471707257966806,0.03681363285366038,0.014805527860900503,0.02580958035728044,0
03,312,573,109,0.011465644463896751,1.0474978795589485,0.0180556054632484,0.024681180709041354,0.021368393086144875,0
03,313,573,110,0.01047366764396429,0.6121814289753222,0.0,0.0,0.0,0
03,314,573,111,0.011739098466932774,0.6786219152631374,0.023968322056050973,0.0,0.011984161028025487,0
03,315,573,111,0.01183673832565546,0.5051092532008568,0.026079524694808755,0.0,0.013039762347404378,0
03,316,573,111,0.012060299515724182,0.45744981622844233,0.03091344170955398,0.0,0.01545672085477699,0
03,317,573,112,0.010742324404418468,0.6514802698008796,0.002415730127355786,0.0,0.001207865063677893,0
03,318,573,114,0.010415111668407917,2.1787228886465524,0.0,0.13603274470691976,0.06801637235345988,0
03,319,573,114,0.011272773146629333,1.7824629427682854,0.0138852754434954,0.09702709652128755,0.05545618598239147,0
03,320,573,114,0.01083691231906414,1.418514479583181,0.004460942580619395,0.061202012860016385,0.032831477720317886,0
03,321,573,114,0.010726082138717175,1.0868774990912382,0.0020645342668069904,0.02855749372310617,0.015311013994956579,0
03,322,573,117,0.011701221577823162,3.321580031503695,0.023149334920241366,0.2485293119335682,0.13583932342690477,0
03,323,573,117,0.01134526077657938,2.7824629427682854,0.015452627932835677,0.19546159284460493,0.1054571103887203,0
03,324,573,117,0.01183271687477827,2.3708954319641333,0.02599257149951921,0.15494915221555675,0.09047086185753797,0
03,325,573,118,0.010562378913164139,2.7518478129165143,0.0,0.19244800795777287,0.09622400397888643,0
03,326,573,119,0.009927420876920223,3.1787228886465524,0.0,0.2344672410302371,0.11723362051511856,0
03,327,573,119,0.010295220650732517,2.68722484753019,0.0,0.18608687890905087,0.09304343945452544,0
03,328,573,121,0.010578848421573639,4.0834847934084575,0.0,0.3235270234180005,0.16176351170900025,0
03,329,573,121,0.010711264796555042,3.5443677046730473,0.0017441485935655145,0.2704593043290372,0.13610172646130136,0
03,330,573,121,0.011167065240442753,3.0375620986308,0.011599622704970745,0.22057214976443495,0.11608588623470285,0
03,331,573,121,0.011264999397099018,2.5630679752817143,0.013717188754963243,0.1738655597241937,0.09379137423957848,0
03,332,573,121,0.010897263884544373,2.1242780403085737,0.005765884906037002,0.13067349348337143,0.06821968919470421,0
03,333,573,121,0.010608969256281853,1.7501110707217558,0.0,0.093842556291271,0.0469212781456355,0
03,334,573,121,0.011349167674779892,1.496667878347266,0.015537104230714242,0.06889500330331447,0.04221605376701436,0
03,335,573,121,0.011850140988826752,1.3826891231471368,0.026369321691893488,0.057675561943631055,0.04202244181776227,0
03,336,573,121,0.010732821188867092,1.333333333333332,0.0022102483291310208,0.052817249632669656,0.027513748980900338,0
03,337,573,121,0.011885310523211956,1.341815097540287,0.027129769471819186,0.05365214782031441,0.0403909586460668,0
03,338,573,121,0.010970812290906906,1.4302273920594522,0.007356173868150505,0.06235496750009723,0.03485557068412387,0
03,339,573,122,0.010693310759961605,1.0730643402399123,0.001355940233493285,0.027197802388941924,0.014276871311217604,0
03,340,573,122,0.010960514657199383,1.2107920352195156,0.007133514887067476,0.040754958674030665,0.02394423678054907,0
03,341,573,125,0.00988321378827095,1.6055575750232238,0.0,0.07961350575041118,0.03980675287520559,0
03,342,573,125,0.010111365467309952,1.18546791065875,0.0,0.03826219122806276,0.01913109561403138,0
03,343,573,125,0.011118508875370026,0.9728583545377435,0.010549720263374841,0.0173340766577674,0.01394189846057112,0
03,344,573,125,0.009793722070753574,0.8350498808514079,0.0,0.0037689689613678154,0.0018844844806839077,0
03,345,573,125,0.009660972282290459,0.7941758552445579,0.0,0.0,0.0,0
03,346,573,125,0.009314188733696938,0.8876772082878959,0.0,0.008949313430420814,0.004474656715210407,0
03,347,573,126,0.00957924872636795,0.7925198917565329,0.0,0.0,0.0,0
03,348,573,126,0.00934774149209261,0.7924795024031661,0.0,0.0,0.0,0
03,349,573,126,0.009877271018922329,0.7822609960014539,0.0,0.0,0.0,0
03,350,573,126,0.00897589698433876,0.8349691021446742,0.0,0.0037610175500568427,0.0018805087750284214,0
03,351,573,126,0.008846770972013474,0.9267741023466217,0.0,0.012797796504897593,0.006398898252448796,0
03,352,573,126,0.009159266017377377,1.0832020679348922,0.0,0.028195704508460213,0.014097852254230107,0
03,353,573,126,0.009578376077115536,1.2974675875439237,0.0,0.049286823010629116,0.024643411505314558,0
03,354,573,126,0.009215225465595722,1.5355628256391618,0.0,0.0727236078495142,0.0363618039247571,0
03,355,573,126,0.009358626790344715,1.7736580637344,0.0,0.0961603926883993,0.04808019634419965,0
03,356,573,126,0.009775749407708645,2.011753301829638,0.0,0.11959717752728437,0.059798588763642184,0
03,357,573,127,0.009240926243364811,1.3910093299406285,0.0,0.05849455730865426,0.02924727865432713,0
03,358,573,127,0.009078877978026867,1.6137970031099804,0.0,0.08042454970412326,0.04021227485206163,0
03,359,573,128,0.008937368169426918,1.1937477280988749,0.0,0.039077210887430464,0.019538605443715232,0
03,360,573,129,0.009877550415694714,1.0118340805363717,0.0,0.021170632615277993,0.010585316307638997,0
03,361,573,129,0.009229842573404312,1.0713275980451578,0.0,0.02702684704575781,0.013513423522878905,0
03,362,573,129,0.009711277671158314,1.0424088210347757,0.0,0.024180241796454525,0.012090120898227263,0
03,363,573,131,0.009255819953978062,1.1173714608829126,0.0,0.03155915149297212,0.01577957574648606,0
03,364,573,131,0.009623904712498188,0.937073387455069,0.0,0.01381160144703784,0.00690580072351892,0
03,365,573,131,0.009531650692224503,0.8112201623652013,0.0,0.0014233026246516318,0.0007116513123258159,0
03,366,573,131,0.009386418387293816,0.7210711256512774,0.0,0.0,0.0,0
03,367,573,131,0.010370307601988316,0.6955450543236791,0.0,0.0,0.0,0
03,368,573,132,0.009053424000740051,0.7415485278080712,0.0,0.0,0.0,0
03,369,573,132,0.008809486404061317,0.5918655842319984,0.0,0.0,0.0,0
03,370,573,133,0.008198034949600697,0.9321054969909913,0.0,0.013322589651416946,0.006661294825708473,0
03,371,573,133,0.009233364835381508,0.7007956702613176,0.0,0.0,0.0,0
03,372,573,133,0.009989368729293346,0.5732057029766942,0.0,0.0,0.0,0
03,373,573,133,0.008803421631455421,0.5731653136233287,0.0,0.0,0.0,0
03,374,573,134,0.00908881239593029,0.6633547396906148,0.0,0.0,0.0,0
03,375,573,134,0.009228275157511234,0.5272426188456708,0.0,0.0,0.0,0
03,376,573,134,0.009336590766906738,0.5492952057837547,0.0,0.0,0.0,0
03,377,573,137,0.008699939586222172,2.2263419362656003,0.0,0.1407201016746968,0.0703600508373484,0
03,378,573,137,0.009260988794267178,1.7824629427682868,0.0,0.09702709652128769,0.04851354826064384,0
03,379,573,137,0.008634861558675766,1.3708954319641333,0.0,0.05651465589223936,0.02825732794611968,0
03,380,573,137,0.009193375706672668,1.0392584514721905,0.0,0.023870136755329143,0.011935068377664572,0
03,381,573,138,0.009249469265341759,1.4525223151177342,0.0,0.06454955702190635,0.03227477851095317,0
03,382,573,138,0.009485512040555477,1.1225816874671846,0.0,0.03207201752252529,0.016036008761262644,0
03,383,573,139,0.009728961624205112,1.5154489276626666,0.0,0.07074370643309931,0.035371853216549655,0
03,384,573,139,0.009492482990026474,1.2042085706207826,0.0,0.040106918652191986,0.020053459326095993,0
03,385,573,139,0.009643360041081905,0.9899026616583843,0.0,0.019011824444367605,0.009505912222183803,0
03,386,573,139,0.009514189325273037,0.8708348479340838,0.0,0.007291444172097517,0.0036457220860487585,0
03,387,573,139,0.01023187953978777,0.8129972939133226,0.0,0.0015982336734912306,0.0007991168367456153,0
03,388,573,139,0.010552901774644852,0.7976493396340697,0.0,8.746552441966277e-05,4.3732762209831384e-05,0
03,389,573,141,0.010502123273909092,1.1889010056948979,0.0,0.03860012620877605,0.019300063104388025,0
03,390,573,141,0.010540303774178028,0.872531200775477,0.0,0.007458423809626679,0.0037292119048133393,0
03,391,573,141,0.010285004042088985,0.7330263742477469,0.0,0.0,0.0,0
03,392,573,142,0.011079506948590279,0.9558948261238337,0.009706407175756581,0.015664280282477905,0.012685343729117244,0
03,393,573,142,0.010067549534142017,0.6786219152631374,0.0,0.0,0.0,0
03,394,573,142,0.010453921742737293,0.5629064178682525,0.0,0.0,0.0,0
03,395,573,142,0.009322836063802242,0.6478856173512659,0.0,0.0,0.0,0
03,396,573,142,0.009060565382242203,0.821317500706813,0.0,0.002417229038514294,0.001208614519257147,0
03,397,573,142,0.008854222483932972,1.0593723494486855,0.0,0.02585003817174402,0.01292501908587201,0
03,398,573,142,0.008706259541213512,1.2974675875439237,0.0,0.049286823010629116,0.024643411505314558,0
03,399,573,142,0.009121090173721313,1.5355628256391618,0.0,0.0727236078495142,0.0363618039247571,0
03,400,573,144,0.010544576682150364,0.5254654872975474,0.0,0.0,0.0,0
03,401,573,145,0.009511790238320827,0.7722040470132077,0.0,0.0,0.0,0
03,402,573,145,0.009934532456099987,0.5901692313906066,0.0,0.0,0.0,0
03,403,573,145,0.009917832911014557,0.5390766993820418,0.0,0.0,0.0,0
03,404,573,145,0.01060453150421381,0.58156629912355,0.0,0.0,0.0,0
03,405,573,145,0.010966951958835125,0.6886788642513837,0.007272704439138192,0.0,0.003636352219569096,0
03,406,573,145,0.010285175405442715,0.8604143947655403,0.0,0.006265712112991215,0.0031328560564956075,0
03,407,573,145,0.01035070139914751,1.0865947736176744,0.0,0.028529663783518143,0.014264831891759071,0
03,408,573,145,0.010297364555299282,1.3450866351629713,0.0,0.05397417997840614,0.02698708998920307,0
03,409,573,148,0.010208964347839355,1.2263419362656,0.0,0.042285605351379416,0.021142802675689708,0
03,410,573,148,0.009735123254358768,0.9405872611979489,0.0,0.014157487839061955,0.007078743919530978,0
03,411,573,148,0.009037679061293602,0.7517670342097806,0.0,0.0,0.0,0
03,412,573,148,0.009366938844323158,0.6666666666666653,0.0,0.0,0.0,0
03,413,573,148,0.0108843008056283,0.6445333010218506,0.005485592751049692,0.0,0.002742796375524846,0
03,414,573,148,0.010580885224044323,0.6870229007633587,0.0,0.0,0.0,0
03,415,573,148,0.010819613002240658,0.7941354658911897,0.004086890796806673,0.0,0.0020434453984033364,0
03,416,573,148,0.010545010678470135,0.9658709964053462,0.0,0.01664627957937424,0.00832313978968712,0
03,417,573,149,0.011390878818929195,0.6751484308736229,0.016438996948971062,0.0,0.008219498474485531,0
03,418,573,149,0.010532173328101635,0.7703461367583527,0.0,0.0,0.0,0
03,419,573,149,0.010449454188346863,0.9624782907225654,0.0,0.016312320304316452,0.008156160152158226,0
03,420,573,149,0.01132442057132721,1.249848539924876,0.01500201384043313,0.04459946604285209,0.029800739941642607,0
03,421,573,149,0.010735719464719296,1.4879437780201141,0.0022729158473665627,0.06803625088173718,0.03515458336455187,0
03,422,573,152,0.011151374317705631,1.2246051940708442,0.011260348171798377,0.04211465000819517,0.026687499089996774,0
03,423,573,152,0.010106639936566353,0.994991720182561,0.0,0.019512763356954826,0.009756381678477413,0
03,424,573,152,0.009655225090682507,0.8300012116806007,0.0,0.003272005754436353,0.0016360028772181765,0
03,425,573,152,0.010359632782638073,0.7296336685649659,0.0,0.0,0.0,0
03,426,573,152,0.010427584871649742,0.6989781493598308,0.0,0.0,0.0,0
03,427,573,152,0.009495960548520088,0.7652570782341787,0.0,0.0,0.0,0
03,428,573,152,0.009542429819703102,0.9284704551880122,0.0,0.012964776142426492,0.006482388071213246,0
03,429,573,152,0.009631738066673279,1.1818328688557695,0.0,0.037904377719072166,0.018952188859536083,0
03,430,573,154,0.010039541870355606,0.7942566339512889,0.0,0.0,0.0,0
03,431,573,154,0.009888882748782635,0.6411809846924351,0.0,0.0,0.0,0
03,432,573,154,0.009663611650466919,0.5612100650268566,0.0,0.0,0.0,0
03,433,573,154,0.009387815371155739,0.5781735934407664,0.0,0.0,0.0,0
03,434,573,155,0.009782656095921993,0.6191283977543514,0.0,0.0,0.0,0
03,435,573,155,0.01080924179404974,0.5289389716870646,0.003862640962914965,0.0,0.0019313204814574824,0
03,436,573,155,0.009860070422291756,0.567995476392421,0.0,0.0,0.0,0
03,437,573,156,0.009936709888279438,0.5833838200250395,0.0,0.0,0.0,0
03,438,573,157,0.010082841850817204,0.9899026616583869,0.0,0.019011824444367866,0.009505912222183933,0
03,439,573,157,0.009796475060284138,0.7194555515166233,0.0,0.0,0.0,0
03,440,573,157,0.010968117974698544,0.5510319479785112,0.007297916435549149,0.0,0.0036489582177745743,0
03,441,573,157,0.009977489709854126,0.5424694050648227,0.0,0.0,0.0,0
03,442,573,157,0.0097494563087821,0.6631527929237853,0.0,0.0,0.0,0
03,443,573,158,0.009801926091313362,0.41496021648693554,0.0,0.0,0.0,0
03,444,573,158,0.009071740321815014,0.40130861504907295,0.0,0.0,0.0,0
03,445,573,160,0.009583734907209873,1.4644371743608382,0.0,0.0657223901902645,0.03286119509513225,0
03,446,573,160,0.010397793725132942,1.11579627610162,0.0,0.03140409897240943,0.015702049486204715,0
03,447,573,160,0.010684523731470108,0.804555919059736,0.0011659440784314793,0.0007673111915021119,0.0009666276349667956,0
03,448,573,160,0.009633425623178482,0.5681166444525202,0.0,0.0,0.0,0
03,449,573,160,0.010096113197505474,0.4472716991800929,0.0,0.0,0.0,0
03,450,573,161,0.010187453590333462,0.62086513994911,0.0,0.0,0.0,0
03,451,573,161,0.009703613817691803,0.4575709842885428,0.0,0.0,0.0,0
03,452,573,163,0.00961573887616396,1.750151460075124,0.0,0.09384653199692662,0.04692326599846331,0
03,453,573,163,0.009301658719778061,1.3538915141968582,0.0,0.054840883811294525,0.027420441905647262,0
03,454,573,163,0.009939487092196941,0.9950321095359265,0.0,0.019516739062610183,0.009758369531305091,0
03,455,573,163,0.00877621490508318,0.7484147178803653,0.0,0.0,0.0,0
03,456,573,164,0.009067663922905922,1.119188981784401,0.0,0.03173805824746723,0.015869029123733613,0
03,457,573,164,0.009527663700282574,0.7960337654994156,0.0,0.0,0.0,0
03,458,573,164,0.009383312426507473,0.6174320449129609,0.0,0.0,0.0,0
03,459,573,164,0.00875009037554264,0.5867765257078231,0.0,0.0,0.0,0
03,460,573,164,0.008673766627907753,0.653055454582171,0.0,0.0,0.0,0
03,461,573,164,0.008354250341653824,0.8213578900601785,0.0,0.0024212047441696492,0.0012106023720848246,0
03,462,573,165,0.008539265021681786,0.5595137121854689,0.0,0.0,0.0,0
03,463,573,165,0.008669314906001091,0.6155741346581058,0.0,0.0,0.0,0
03,464,573,165,0.008692832663655281,0.8417141241568719,0.0,0.004424960394517204,0.002212480197258602,0
03,465,573,167,0.008138171397149563,0.8011228240235896,0.0,0.0004293762107889584,0.0002146881053944792,0
03,466,573,167,0.007999417372047901,0.6089098913526405,0.0,0.0,0.0,0
03,467,573,167,0.008692136965692043,0.5136314067611771,0.0,0.0,0.0,0
03,468,573,167,0.008577652275562286,0.5220727816147639,0.0,0.0,0.0,0
03,469,573,167,0.008796065114438534,0.6597600872410018,0.0,0.0,0.0,0
03,470,573,167,0.00920826755464077,0.9165152065915427,0.0,0.011787967268412974,0.005893983634206487,0
03,471,573,168,0.009691760875284672,0.5339472515045051,0.0,0.0,0.0,0
03,472,573,168,0.00965481624007225,0.6665454986065689,0.0,0.0,0.0,0
03,473,573,168,0.009330709464848042,0.8212771113534475,0.0,0.002413253332858939,0.0012066266664294695,0
03,474,573,171,0.009853670373558998,1.7977705076941715,0.0,0.09853388896470362,0.04926694448235181,0
03,475,573,171,0.010626571252942085,1.4491296094349533,0.0,0.06421559774684854,0.03210779887342427,0
03,476,573,171,0.01035425066947937,1.1328001938688952,0.0,0.03307787105335427,0.016538935526677134,0
03,477,573,171,0.0103690754622221,0.9031867199806121,0.0,0.010475984402113935,0.005237992201056967,0
03,478,573,171,0.009682404808700085,0.7381962114786544,0.0,0.0,0.0,0
03,479,573,171,0.00978055875748396,0.6378286683630198,0.0,0.0,0.0,0
03,480,573,171,0.009504084475338459,0.6173512662062273,0.0,0.0,0.0,0
03,481,573,171,0.009878585115075111,0.7261197948220832,0.0,0.0,0.0,0
03,482,573,171,0.009510649368166924,0.9641342542105904,0.0,0.016475324236189998,0.008237662118094999,0
03,483,573,172,0.009356162510812283,0.6275293832545753,0.0,0.0,0.0,0
03,484,573,173,0.009622040204703808,0.7143261036390784,0.0,0.0,0.0,0
03,485,573,173,0.009687903337180614,0.6054364069631233,0.0,0.0,0.0,0
03,486,573,173,0.009506323374807835,0.5917848055252607,0.0,0.0,0.0,0
03,487,573,173,0.009679170325398445,0.7056827820186589,0.0,0.0,0.0,0
03,488,573,173,0.010155096650123596,0.9165152065915427,0.0,0.011787967268412974,0.005893983634206487,0
03,489,573,173,0.01025309693068266,1.2022294923058285,0.0,0.039912109075075086,0.019956054537537543,0
03,490,573,173,0.010120730847120285,1.4879437780201141,0.0,0.06803625088173718,0.03401812544086859,0
03,491,573,175,0.01041731983423233,0.6955854436770472,0.0,0.0,0.0,0
03,492,573,175,0.011189216747879982,0.668322630154693,0.012078590224646956,0.0,0.006039295112323478,0
03,493,573,175,0.010857975110411644,0.7652166888808105,0.004916369506202627,0.0,0.0024581847531013135,0
03,494,573,175,0.01210017316043377,0.9590451956864163,0.031775603382348486,0.015974385323603037,0.023874994352975763,0
03,495,573,175,0.011067378334701061,1.088291126459065,0.009444158110852512,0.028696643421047042,0.019070400765949777,0
03,496,573,175,0.011819873005151749,1.249848539924876,0.025714856928829504,0.04459946604285209,0.0351571614858408,0
03,497,573,177,0.011928528547286987,0.6411809846924351,0.028064244466587927,0.0,0.014032122233293963,0
03,498,573,177,0.010997292585670948,0.5033725110060981,0.007928739917633527,0.0,0.0039643699588167635,0
03,499,573,177,0.012056163512170315,0.4863282038854547,0.030824011616853456,0.0,0.015412005808426728,0
03,500,573,178,0.012559072114527225,0.6157356920715704,0.041698074548114146,0.0,0.020849037274057073,0
03,501,573,179,0.013949550688266754,1.1787228886465524,0.07176348095506714,0.037598248383602394,0.054680864669334764,0
03,502,573,179,0.013945753686130047,0.8402601074356797,0.07168138086771293,0.004281834990920972,0.03798160792931695,0
03,503,573,179,0.012778905220329762,0.5782947615008655,0.04645138164142722,0.0,0.02322569082071361,0
03,504,573,179,0.012913736514747143,0.5238095238095225,0.04936675030628337,0.0,0.024683375153141684,0
03,505,573,179,0.011857259087264538,0.5390766993820418,0.02652323166678881,0.0,0.013261615833394405,0
03,506,573,179,0.012379861436784267,0.6478856173512659,0.03782311957896491,0.0,0.018911559789482457,0
03,507,573,180,0.012816076166927814,0.5068459953956127,0.047255104645224436,0.0,0.023627552322612218,0
03,508,573,181,0.012737481854856014,0.8368674017528961,0.04555571137276383,0.0039478757158629115,0.024751793544313373,0
03,509,573,181,0.01214737631380558,0.5782947615008682,0.0327962462146911,0.0,0.01639812310734555,0
03,510,573,181,0.011774048209190369,0.4778868290318653,0.024724017414927957,0.0,0.012362008707463979,0
03,511,573,181,0.011623219586908817,0.5373399571872832,0.021462749019759496,0.0,0.010731374509879748,0
03,512,573,181,0.012036396190524101,0.7073791348600493,0.030396595783129362,0.0,0.015198297891564681,0
03,513,573,181,0.012110576033592224,0.9386485722363576,0.03200053788706925,0.013966653967600138,0.02298359592733469,0
03,514,573,181,0.012438659556210041,1.2022294923058285,0.039094472759004344,0.039912109075075086,0.03950329091703972,0
03,515,573,181,0.01259374339133501,1.4879437780201141,0.042447748831170945,0.06803625088173718,0.05524199985645406,0
03,516,573,183,0.012256196700036526,0.5577769699907102,0.035149198068236055,0.0,0.017574599034118028,0
03,517,573,184,0.012515362352132797,0.7568964820873229,0.04075296701811778,0.0,0.02037648350905889,0
03,518,573,184,0.011860085651278496,0.5765580193061123,0.026584348606970325,0.0,0.013292174303485163,0
03,519,573,184,0.012024067342281342,0.523769134456157,0.03013001718210041,0.0,0.015065008591050205,0
03,520,573,184,0.011465000919997692,0.6240558988650607,0.018041690535516793,0.0,0.009020845267758397,0
03,521,573,185,0.011769816279411316,0.5782543721475027,0.024632513172362952,0.0,0.012316256586181476,0
03,522,573,185,0.012146887369453907,0.47445373399571894,0.03278567409159545,0.0,0.016392837045797724,0
03,523,573,186,0.011141287162899971,0.7620259299648596,0.011042240237990808,0.0,0.005521120118995404,0
03,524,573,186,0.011443117633461952,0.5391978674421409,0.017568522580510195,0.0,0.008784261290255098,0
03,525,573,186,0.012741326354444027,0.46088291126459,0.045638838466361624,0.0,0.022819419233180812,0
03,526,573,186,0.011822177097201347,0.5594733228321006,0.025764676800331666,0.0,0.012882338400165833,0
03,527,573,186,0.011525258421897888,0.7516054767963161,0.01934459898582457,0.0,0.009672299492912284,0
03,528,573,187,0.01121789962053299,0.47106102831293534,0.012698781171503712,0.0,0.006349390585751856,0
03,529,573,187,0.011544160544872284,0.5152469808958366,0.019753307196013696,0.0,0.009876653598006848,0
03,530,573,187,0.010679175145924091,0.6512783230340469,0.0010502951204537424,0.0,0.0005251475602268712,0
03,531,573,187,0.011512784287333488,0.8502362777171922,0.01907487895393291,0.005263834287817307,0.012169356620875107,0
03,532,573,189,0.012486481107771397,0.8589603780443481,0.04012848680989079,0.006122586709394983,0.023125536759642885,0
03,533,573,189,0.013651182875037193,0.5952986792681462,0.06531206938144228,0.0,0.03265603469072114,0
03,534,573,189,0.01281935814768076,0.47445373399571894,0.047326068762917894,0.0,0.023663034381458947,0
03,535,573,190,0.01250197272747755,0.6735732460923289,0.040463451944315595,0.0,0.020231725972157798,0
03,536,573,190,0.012114927172660828,0.4013893937558066,0.03209461971393186,0.0,0.01604730985696593,0
03,537,573,190,0.012381170876324177,0.39109010864736216,0.037851432731483926,0.0,0.018925716365741963,0
03,538,573,190,0.012446675449609756,0.5049880851407577,0.039267795165641016,0.0,0.019633897582820508,0
03,539,573,191,0.012179911136627197,0.40821519447473387,0.03349972535416424,0.0,0.01674986267708212,0
03,540,573,191,0.012603513896465302,0.36390807383173884,0.042659010056688,0.0,0.021329505028344,0
03,541,573,191,0.012128169648349285,0.4998990266165863,0.032380953082116685,0.0,0.016190476541058343,0
03,542,573,193,0.012447095476090908,1.2263419362656,0.03927687712281461,0.042285605351379416,0.04078124123709701,0
03,543,573,193,0.012383515946567059,0.8777010380063819,0.037902138647588395,0.007967314133524337,0.022934726390556368,0
03,544,573,193,0.012483829632401466,0.62086513994911,0.040071155696646384,0.0,0.020035577848323192,0
03,545,573,193,0.012462795712053776,0.4643563956541045,0.03961635302976023,0.0,0.019808176514880114,0
03,546,573,193,0.011329229921102524,0.4472716991800929,0.015106003256939666,0.0,0.007553001628469833,0
03,547,573,194,0.011861859820783138,0.5817278565370172,0.026622710310774535,0.0,0.013311355155387268,0
03,548,573,194,0.010939556173980236,0.41669695868169415,0.006680343347744649,0.0,0.0033401716738723245,0
03,549,573,195,0.010160388424992561,0.7416293065148009,0.0,0.0,0.0,0
03,550,573,195,0.011054107919335365,0.4813603134213798,0.009157220621347937,0.0,0.004578610310673969,0
03,551,573,195,0.011398456990718842,0.3894341451593345,0.016602854788264957,0.0,0.008301427394132479,0
03,552,573,195,0.012293500825762749,0.4896805202148728,0.03595580071699076,0.0,0.01797790035849538,0
03,553,573,195,0.013180757872760296,0.7260390161153523,0.05514037803390185,0.0,0.027570189016950925,0
03,554,573,196,0.013316166587173939,0.3571226624661717,0.058068231872699536,0.0,0.029034115936349768,0
03,555,573,196,0.014202568680047989,0.46928389676481397,0.07723432307722625,0.0,0.03861716153861312,0
03,556,573,196,0.013885147869586945,0.6784199684963047,0.07037094103828559,0.0,0.035185470519142795,0
03,557,573,196,0.014782137237489223,0.9641342542105904,0.08976595394824341,0.016475324236189998,0.053120639092216704,0
03,558,573,196,0.013791743665933609,1.249848539924876,0.06835132319160211,0.04459946604285209,0.0564753946172271,0
03,559,573,196,0.016921622678637505,1.5355628256391618,0.1360266446950911,0.0727236078495142,0.10437512627230265,0
03,560,573,196,0.017614474520087242,1.7736580637344,0.15100772573179486,0.0961603926883993,0.12358405921009707,0
03,561,573,196,0.01818835362792015,2.011753301829638,0.16341633736473332,0.11959717752728437,0.14150675744600885,0
03,562,573,196,0.017562707886099815,2.249848539924876,0.1498884097505595,0.14303396236616947,0.1464611860583645,0
03,563,573,196,0.01643584482371807,2.392705682782019,0.1255229886823473,0.1570960332695005,0.1413095109759239,0
03,564,573,196,0.017737554386258125,2.535562825639162,0.15366900096956357,0.1711581041728316,0.16241355257119758,0
03,565,573,196,0.016554852947592735,2.678419968496305,0.12809622330645093,0.18522017507616265,0.1566581991913068,0
03,566,573,196,0.016312168911099434,2.8212771113534476,0.12284882552309055,0.19928224597949368,0.16106553575129212,0
03,567,573,196,0.01675155945122242,2.9641342542105904,0.13234947904602848,0.21334431688282476,0.17284689796442662,0
03,568,573,196,0.014280225150287151,3.0593723494486857,0.07891343801072052,0.22271903081837877,0.15081623441454964,0
03,569,573,196,0.015339882113039494,3.1546104446867806,0.10182570565640278,0.23209374475393277,0.16695972520516777,0
03,570,573,196,0.014876589179039001,3.2022294923058285,0.09180822634441756,0.23678110172170985,0.1642946640330637,0
03,571,573,196,0.015594707801938057,3.249848539924876,0.1073356344279498,0.24146845868948685,0.17440204655871833,0
03,572,573,196,0.014234215021133423,3.297467587543924,0.07791859115873129,0.24615581565726385,0.16203720340799757,0
04,35,578,11,0.030380036681890488,0.3554263096247833,0.4270291054612546,0.0,0.2135145527306273,1
04,36,578,11,0.030676135793328285,0.4454945676319722,0.43343146238371566,0.0,0.21671573119185783,1
04,37,578,12,0.03056984208524227,0.40825558382810134,0.4311331432348536,0.0,0.2155665716174268,1
04,38,578,12,0.030705492943525314,0.3265479219677682,0.43406623279175577,0.0,0.21703311639587788,1
04,39,578,13,0.03038494661450386,0.6157760814249352,0.42713526971451227,0.0,0.21356763485725613,1
04,40,578,13,0.030903207138180733,0.35720344117290603,0.438341277173599,0.0,0.2191706385867995,1
04,41,578,13,0.032385215163230896,0.30267781412819617,0.47038576488668016,0.0,0.23519288244334008,1
04,42,578,14,0.03313899785280228,0.47800799709196506,0.4866843136974977,0.0,0.24334215684874885,1
04,43,578,14,0.03448592498898506,0.2619249565814453,0.5158080359285996,0.0,0.2579040179642998,1
04,44,578,14,0.034414149820804596,0.31964134254210597,0.5142560885329129,0.0,0.25712804426645647,1
04,45,578,14,0.034199152141809464,0.5831818732582101,0.5096073347026715,0.0,0.25480366735133575,1
04,46,578,14,0.033189039677381516,0.8688961589724958,0.48776633525592705,0.007100610300636028,0.24743347277828154,1
04,47,578,14,0.033322710543870926,1.1546104446867815,0.4906566127486362,0.035224752107298134,0.26294068242796714,1
04,48,578,14,0.03358144313097,1.4403247304010673,0.4962510178180618,0.06334889391396024,0.27979995586601103,1
04,49,578,15,0.034690145403146744,0.8195807585120557,0.5202237600284356,0.0022462736953299087,0.2612350168618828,1
04,50,578,15,0.03373049199581146,1.042368431681409,0.4994738036851621,0.02417626609079905,0.2618250348879806,1
04,51,578,15,0.036380257457494736,1.249848539924876,0.5567679447047982,0.04459946604285209,0.30068370537382516,1
04,52,578,15,0.03505618870258331,1.4879437780201141,0.5281384742627623,0.06803625088173718,0.2980873625722497,1
04,53,578,18,0.03715410456061363,1.1311038410275043,0.5735003331727065,0.03291089141582532,0.30320561229426596,1
04,54,578,18,0.03640628233551979,0.845349165959853,0.5573306635767693,0.004782773903507855,0.2810567187401386,1
04,55,578,18,0.03835117444396019,0.6667070560200328,0.59938379029319,0.0,0.299691895146595,1
04,56,578,18,0.03589097410440445,0.6173108768528611,0.5461884916038029,0.0,0.27309424580190145,1
04,57,578,18,0.035137325525283813,0.6785007472030377,0.5298928425753202,0.0,0.2649464212876601,1
04,58,578,18,0.034752652049064636,0.7499091239549264,0.5215753002449833,0.0,0.26078765012249167,1
04,59,578,18,0.03564649075269699,0.8859404660931393,0.5409021884074505,0.008778358087236494,0.2748402732473435,1
04,60,578,18,0.03802468627691269,1.0389757259986274,0.5923243507486127,0.023842306815741187,0.3080833287821769,1
04,61,578,23,0.03652628883719444,3.512056221979886,0.5599254854693654,0.2672787398046763,0.41360211263702085,1
04,62,578,23,0.03637009114027023,3.0681772284825723,0.556548125093918,0.22358573465126716,0.3900669298725926,1
04,63,578,24,0.03356397897005081,3.5596752695989333,0.4958734017184625,0.2719660967724533,0.3839197492454579,1
04,64,578,24,0.03485066071152687,3.1174926289430105,0.5236944772851618,0.2284400712565731,0.37606727427086745,1
04,65,578,24,0.03478839993476868,2.739932953673412,0.5223482533362279,0.19127517478941486,0.3568117140628214,1
04,66,578,24,0.03406180441379547,2.4252998909487467,0.5066375548442831,0.16030442773344972,0.33347099128886637,1
04,67,578,24,0.034074053168296814,2.1429783109172433,0.5069024016308621,0.13251424520184557,0.3197083234163538,1
04,68,578,24,0.03611435368657112,1.8929682135789012,0.5510184818299698,0.10790462719460231,0.3294615545122861,1
04,69,578,24,0.03321879729628563,1.675269598933722,0.4884097647362169,0.08647557371172013,0.2874426692239685,1
04,70,578,25,0.03334836661815643,1.7262813522355505,0.4912113572191866,0.09149688995455493,0.29135412358687074,1
04,71,578,25,0.03432740643620491,1.5102790904317631,0.5123804932088583,0.07023481610920179,0.29130765465903,1
04,72,578,25,0.03260159492492676,1.3588997940142984,0.475064402584872,0.05533387131257049,0.2651991369487212,1
04,73,578,25,0.033139582723379135,1.2704471101417678,0.4866969599704578,0.04662707592713232,0.26666201794879507,1
04,74,578,25,0.03469223901629448,1.3571630518195412,0.5202690288526622,0.05516291596938611,0.2877159724110242,1
04,75,578,25,0.03401307016611099,1.4761904761904763,0.5055838061636181,0.06687932053600086,0.2862315633498095,1
04,76,578,27,0.033219967037439346,1.2296134738882818,0.48843505728213715,0.04260763750947087,0.265521347395804,1
04,77,578,27,0.03401545435190201,1.1003271537622679,0.5056353578495703,0.029881403706371525,0.2677583807779709,1
04,78,578,27,0.03520981967449188,1.0679752817157397,0.5314603360263017,0.026696863476355116,0.2790785997513284,1
04,79,578,27,0.035095296800136566,1.127468799224523,0.5289840830113955,0.032553077906834656,0.2807685804591151,1
04,80,578,27,0.035468488931655884,1.251585282119632,0.5370533717540692,0.04477042138603635,0.2909118965700528,1
04,81,578,27,0.03511609137058258,1.4403247304010667,0.5294337103723091,0.06334889391396017,0.29639130214313464,1
04,82,578,27,0.03555469214916229,1.6308009208772571,0.5389172873992755,0.08209832178506825,0.31050780459217187,1
04,83,578,29,0.0374213345348835,0.7040268185306353,0.5792784716728459,0.0,0.2896392358364229,1
04,84,578,29,0.03583081066608429,0.6376671109495538,0.544887617028605,0.0,0.2724438085143025,1
04,85,578,37,0.0378839336335659,7.226341936265599,0.5892809486387238,0.6328925832912835,0.6110867659650037,1
04,86,578,37,0.03600011765956879,6.639605799911142,0.5485484311272797,0.5751375072345433,0.5618429691809115,1
04,87,578,37,0.03662673383951187,6.085181146249848,0.5620973418886261,0.5205629957021641,0.5413301687953951,1
04,88,578,37,0.0361533984541893,5.563067975281715,0.551862721236945,0.4691690486941459,0.5105158849655455,1
04,89,578,37,0.03731638565659523,5.073266287006744,0.5770092308968411,0.4209556662104886,0.4989824485536648,1
04,90,578,37,0.03792363032698631,4.6157760814249365,0.5901392842098266,0.37592284825119243,0.4830310662305095,1
04,91,578,37,0.038271840661764145,4.238216406155338,0.5976684079431333,0.3387579517840343,0.4682131798635838,1
04,92,578,37,0.03565685451030731,3.8929682135789005,0.5411262771423236,0.304773619841237,0.42294994849178036,1
04,93,578,37,0.03373803198337555,3.580031503695626,0.49963683589198565,0.2739698524228008,0.38680334415739326,1
04,94,578,37,0.03501184284687042,3.2994062765055143,0.5271796129040529,0.24634664952872562,0.3867631312163893,1
04,95,578,37,0.036674220114946365,3.051092532008564,0.5631241064836756,0.22190401115901137,0.3925140588213435,1
04,96,578,37,0.0363955982029438,2.8350902702047756,0.5570996475840964,0.20064193731365815,0.3788707924488772,1
04,97,578,37,0.03727180138230324,2.7466375863322448,0.5760452143695365,0.19193514192821995,0.3839901781488782,1
04,98,578,37,0.0381878986954689,2.6904963851528754,0.5958533858500723,0.1864089110671427,0.3911311484586075,1
04,99,578,37,0.036854807287454605,2.6666666666666674,0.5670288244965113,0.18406324473042637,0.3755460346134688,1
04,100,578,37,0.03884516656398773,2.675148430873622,0.6100650579739406,0.1848981429180711,0.3974816004460059,1
04,101,578,37,0.037114452570676804,2.7159416777737397,0.5726429641957154,0.1889136056300769,0.3807782849128961,1
04,102,578,37,0.03895261883735657,2.789046407367019,0.6123884280201951,0.19610963286644367,0.4042490304433194,1
04,103,578,37,0.036547474563121796,2.8944626196534595,0.5603835705287555,0.20648622462717134,0.38343489757796345,1
04,104,578,37,0.03724861145019531,3.1274284098711584,0.5755437936741429,0.2294180948478141,0.40248094426097847,1
04,105,578,37,0.037473224103450775,3.3927056827820197,0.5804004457878881,0.25553052959281797,0.417965487690353,1
04,106,578,40,0.03659217804670334,1.658063734399612,0.5613501646403577,0.08478192310249778,0.32306604387142773,1
04,107,578,40,0.03665165603160858,1.5475180742356318,0.5626362181058444,0.07390041672352778,0.3182683174146861,1
04,108,578,40,0.03750481456518173,1.4692838967648132,0.5810835056267536,0.06619947486891872,0.32364149024783617,1
04,109,578,40,0.0382048636674881,1.4233612019871562,0.5962202083154253,0.061679097538670624,0.328949652927048,1
04,110,578,40,0.03648124635219574,1.4097499899026618,0.5589515613524169,0.06033928473278356,0.30964542304260023,1
04,111,578,40,0.037243206053972244,1.42845026051133,0.5754269163361483,0.06218003645125756,0.31880347639370293,1
04,112,578,40,0.034523941576480865,1.47946201381316,0.516630043671008,0.06720135269409251,0.29191569818255025,1
04,113,578,40,0.03575707972049713,1.5627852498081514,0.5432933811405357,0.0754032334612884,0.30934830730091206,1
04,114,578,40,0.035220302641391754,1.6784199684963053,0.5316870023454725,0.08678567875284532,0.30923634054915894,1
04,115,578,42,0.034144241362810135,0.82648733793772,0.5084200349355869,0.002926119362412161,0.2556730771489995,1
04,116,578,42,0.035320837050676346,0.7533422189910753,0.5338607919529564,0.0,0.2669303959764782,1
04,117,578,42,0.036069635301828384,0.7448200654307536,0.5500515655203304,0.0,0.2750257827601652,1
04,118,578,42,0.03535602614283562,0.8009208772567562,0.534621662617806,0.00040949768251159193,0.2675155801501588,1
04,119,578,42,0.03545819967985153,0.921644654469083,0.5368308940093821,0.012292881886655354,0.2745618879480187,1
04,120,578,42,0.035779181867837906,1.1069913970677339,0.5437712813792137,0.03053739513952111,0.2871543382593674,1
04,121,578,42,0.03701460734009743,1.345086635162972,0.5704840762474519,0.0539741799784062,0.312229128112929,1
04,122,578,42,0.037220243364572525,1.5831818732582101,0.5749304091608219,0.07741096481729129,0.3261706869890566,1
04,123,578,52,0.03733670338988304,7.702532412456075,0.5774485479205642,0.6797661529690537,0.628607350444809,1
04,124,578,52,0.035555217415094376,7.020558180863524,0.5389286448800867,0.6126363629767595,0.5757825039284231,1
04,125,578,52,0.03573369234800339,6.370895431964135,0.5427876913211492,0.5486871375088264,0.5457374144149878,1
04,126,578,52,0.03495828062295914,5.753544165757906,0.5260214720593348,0.48791847656525394,0.5069699743122944,1
04,127,578,52,0.03498106449842453,5.311361525101982,0.5265141128582147,0.4443924510493737,0.4854532819537942,1
04,128,578,52,0.03470628708600998,4.901490367139222,0.5205727810522333,0.40404699005785455,0.46230988555504393,1
04,129,578,52,0.035008158534765244,4.523930691869624,0.527099949439355,0.3668820935906964,0.4469910215150257,1
04,130,578,52,0.03386697173118591,4.178682499293187,0.5024248155078835,0.3328977616478991,0.4176612885778913,1
04,131,578,52,0.03381188213825226,3.8657457894099116,0.5012336493643524,0.30209399422946287,0.4016638217969076,1
04,132,578,52,0.03292032331228256,3.5851205622198004,0.481956057501577,0.2744707913353877,0.3782134244184824,1
04,133,578,52,0.032489754259586334,3.33680681772285,0.4726461452166619,0.25002815296567354,0.3613371490911677,1
04,134,578,52,0.03314422816038132,3.120804555919061,0.48679740520855513,0.22876607912032024,0.3577817421644377,1
04,135,578,52,0.03358222171664238,2.937113776808435,0.4962678526655055,0.210684569799328,0.35347621123241674,1
04,136,578,52,0.033221736550331116,2.8809725756290656,0.48847331829905477,0.20515833893825075,0.3468158286186528,1
04,137,578,52,0.033925611525774,2.8571428571428577,0.5036927453337777,0.20281267260153438,0.35325270896765604,1
04,138,578,52,0.03421550244092941,2.865624621349813,0.5099608664989901,0.20364757078917917,0.3568042186440846,1
04,139,578,52,0.033631544560194016,2.9064178682499304,0.4973343281686399,0.207663033501185,0.3524986808349125,1
04,140,578,52,0.03509596735239029,2.9795225978432094,0.5289985819230696,0.21485906073755173,0.3719288213303107,1
04,141,578,52,0.035266123712062836,3.08493881012965,0.5326777613098647,0.22523565249827945,0.37895670690407207,1
04,142,578,52,0.03706803172826767,3.2226665051092533,0.5716392367603258,0.23879280878336812,0.405216022771847,1
04,143,578,52,0.03824875131249428,3.3927056827820197,0.5971691620844908,0.25553052959281797,0.4263498458386544,1
04,144,578,52,0.03653456270694733,3.3927056827820197,0.560104385929521,0.25553052959281797,0.4078174577611695,1
04,145,578,52,0.0370863638818264,3.3927056827820197,0.572035620895592,0.25553052959281797,0.413783075244205,1
04,146,578,52,0.03841887041926384,3.3927056827820197,0.6008475359761929,0.25553052959281797,0.42818903278450543,1
04,147,578,53,0.03781155124306679,2.533866472797771,0.5877158716730213,0.17099112453530263,0.37935349810416197,1
04,148,578,53,0.036791905760765076,2.5185589078718857,0.5656687460319777,0.16948433209188665,0.36757653906193216,1
04,149,578,53,0.037208493798971176,2.5355628256391625,0.5746763560084892,0.17115810417283164,0.3729172300906604,1
04,150,578,53,0.03762645646929741,2.58318187325821,0.5837136887539325,0.17584546114060864,0.37977957494727055,1
04,151,578,53,0.03647514805197716,2.630800920877258,0.5588197018056924,0.1805328181083857,0.36967625995703907,1
04,152,578,53,0.035134218633174896,2.6784199684963053,0.5298256642845639,0.1852201750761627,0.3575229196803633,1
04,153,578,56,0.03687390685081482,1.3553859202714151,0.5674418018306933,0.054987984920546046,0.31121489337561964,1
04,154,578,56,0.03723069652915001,1.1972212124883874,0.5751564310839182,0.03941912157379904,0.3072877763288586,1
04,155,578,56,0.03623303771018982,1.0713679873985211,0.5535847086467642,0.02703082275141296,0.2903077656990886,1
04,156,578,56,0.036051686853170395,0.9829153035259904,0.5496634779845221,0.018324027365974785,0.28399375267524846,1
04,157,578,56,0.037846002727746964,0.9590855850397839,0.5884607935350294,0.0159783610292586,0.30221957728214405,1
04,158,578,56,0.037753619253635406,0.9998788319399016,0.5864632462538942,0.01999382374126441,0.30322853499757935,1
04,159,578,56,0.036696694791316986,1.098509632860779,0.5636100616732836,0.02970249695187637,0.29665627931258,1
04,160,578,56,0.03533518686890602,1.2294519164748179,0.5341710686627807,0.04259173468684926,0.288381401674815,1
04,161,578,56,0.03674175962805748,1.3927056827820197,0.5645844690872879,0.05866153694618322,0.31162300301673557,1
04,162,578,56,0.03624444454908371,1.5831818732582101,0.5538313512442414,0.07741096481729129,0.31562115803076635,1
04,163,578,58,0.03529247269034386,0.6479260067046335,0.5332474879891449,0.0,0.26662374399457245,1
04,164,578,58,0.035744983702898026,0.6325780524253818,0.543031836883838,0.0,0.271515918441919,1
04,165,578,58,0.03619384765625,0.7039864291772705,0.5527373278089264,0.0,0.2763686639044632,1
04,166,578,58,0.03567085042595863,0.840017771315482,0.5414289016487644,0.00425798075698837,0.2728434412028764,1
04,167,578,58,0.03535639867186546,1.040672078840018,0.534629717568736,0.024009286453270086,0.27931950201100303,1
04,168,578,58,0.037209440022706985,1.2498485399248769,0.5746968155838514,0.04459946604285218,0.3096481408133518,1
04,169,578,58,0.035174522548913956,1.4879437780201148,0.5306971294256825,0.06803625088173725,0.29936669015370987,1
04,170,578,58,0.03531256318092346,1.726039016115353,0.5336818914928008,0.09147303572062233,0.31257746360671157,1
04,171,578,58,0.0350739061832428,1.964134254210591,0.528521567728994,0.11490982055950744,0.3217156941442507,1
04,172,578,58,0.034200675785541534,2.202229492305829,0.5096402794519753,0.1383466053983925,0.3239934424251839,1
04,173,578,58,0.03438319265842438,2.440324730401067,0.5135867221106285,0.16178339023727759,0.33768505617395306,1
04,174,578,58,0.03441980853676796,2.5355628256391625,0.5143784432375399,0.17115810417283164,0.34276827370518576,1
04,175,578,58,0.03445743769407272,2.630800920877258,0.5151920738309811,0.1805328181083857,0.3478624459696834,1
04,176,578,71,0.03470452129840851,9.654913364837027,0.520534600584825,0.8719477886479114,0.6962411946163682,1
04,177,578,71,0.035011667758226395,8.972939133244475,0.5271758270771157,0.8048179986556172,0.6659969128663665,1
04,178,578,71,0.03381488844752312,8.323276384345087,0.5012986528183577,0.7408687731876841,0.6210837130030209,1
04,179,578,71,0.03350742906332016,7.705925118138858,0.49465066016728576,0.6801001122441117,0.5873753862056987,1
04,180,578,71,0.035059139132499695,7.120885334625792,0.528202269474128,0.6225120158249005,0.5753571426495142,1
04,181,578,71,0.03475150838494301,6.568157033805887,0.5215505715456282,0.56810448393005,0.5448275277378392,1
04,182,578,71,0.0357978530228138,6.047740215679146,0.5441749955198263,0.5168775165595607,0.5305262560396935,1
04,183,578,71,0.034936822950839996,5.559634880245565,0.5255575068857657,0.4688311137134324,0.49719431029959904,1
04,184,578,71,0.03431191295385361,5.199079122743243,0.5120454877996787,0.4333399893272192,0.47269273856344896,1
04,185,578,71,0.035263799130916595,4.870834847934082,0.5326274984160614,0.40102942946536685,0.4668284639407141,1
04,186,578,71,0.035155341029167175,4.574902055818084,0.5302823800022959,0.37189943412787557,0.4510909070650857,1
04,187,578,71,0.03660682961344719,4.311280746395248,0.5616669658604353,0.3459500033147453,0.45380848458759027,1
04,188,578,71,0.03733440861105919,4.079970919665574,0.5773989294228353,0.32318113702597606,0.4502900332244057,1
04,189,578,71,0.0361679270863533,3.8809725756290625,0.5521768643232157,0.3035928352615678,0.4278848497923917,1
04,190,578,71,0.03733714297413826,3.714285714285713,0.5774580527626617,0.2871850980215206,0.43232157539209115,1
04,191,578,71,0.03715285658836365,3.579910335635525,0.5734733490870909,0.2739579253058343,0.4237156371964626,1
04,192,578,71,0.0368194580078125,3.4778464396785,0.5662644902027618,0.26391131711450905,0.41508790365863546,1
04,193,578,71,0.04026695713400841,3.408094026414636,0.640807503143939,0.2570452734475447,0.44892638829574183,1
04,194,578,71,0.04006250575184822,3.3706530958439354,0.6363867849745264,0.25335979430494143,0.44487328963973394,1
04,195,578,71,0.0406547412276268,3.3655236479663957,0.6491923043145416,0.2528548796866991,0.45102359200062037,1
04,196,578,71,0.039686113595962524,3.392705682782019,0.6282483042033639,0.25553052959281786,0.44188941689809086,1
04,197,578,71,0.03797630965709686,3.392705682782019,0.5912783348208405,0.25553052959281786,0.42340443220682916,1
04,198,578,71,0.03882870823144913,3.392705682782019,0.6097091902418524,0.25553052959281786,0.43261985991733515,1
04,199,578,71,0.039021752774715424,3.392705682782019,0.6138832658137879,0.25553052959281786,0.4347068977033029,1
04,200,578,71,0.03973173350095749,3.392705682782019,0.6292347134942539,0.25553052959281786,0.44238262154353586,1
04,201,578,74,0.0396304726600647,1.658063734399614,0.6270452167324564,0.08478192310249798,0.3559135699174772,1
04,202,578,74,0.036470890045166016,1.5475180742356325,0.5587276337165623,0.07390041672352785,0.3163140252200451,1
04,203,578,74,0.038221124559640884,1.4692838967648139,0.5965718069235206,0.06619947486891879,0.3313856408962197,1
04,204,578,74,0.03674357756972313,1.4233612019871569,0.5646237772478264,0.06167909753867069,0.3131514373932486,1
04,205,578,74,0.036591753363609314,1.4097499899026624,0.5613409819962975,0.060339284732783625,0.3108401333645405,1
04,206,578,74,0.03610203042626381,1.4284502605113294,0.5507520240532048,0.0621800364512575,0.3064660302522311,1
04,207,578,74,0.037665024399757385,1.4794620138131593,0.5845476178237172,0.06720135269409244,0.32587448525890483,1
04,208,578,74,0.03652123361825943,1.5627852498081505,0.559816179785245,0.07540323346128831,0.31760970662326665,1
04,209,578,74,0.03737150505185127,1.6784199684963046,0.5782010414364466,0.08678567875284525,0.3324933600946459,1
04,210,578,74,0.03847505524754524,1.8212771113534476,0.6020623836754583,0.10084774965617632,0.3514550666658173,1
04,211,578,74,0.036540694534778595,1.9641342542105904,0.5602369704218292,0.11490982055950737,0.3375733954906683,1
04,212,578,74,0.03664074465632439,2.106991397067733,0.5624002885931042,0.1289718914628384,0.3456860900279713,1
04,213,578,74,0.03704262524843216,2.249848539924876,0.5710898891068985,0.14303396236616947,0.357061925736534,1
04,214,578,74,0.03760860115289688,2.392705682782019,0.5833276149558567,0.1570960332695005,0.3702118241126786,1
04,215,578,74,0.037952616810798645,2.535562825639162,0.5907660399416913,0.1711581041728316,0.38096207205726146,1
04,216,578,74,0.038822975009679794,2.678419968496305,0.6095852245470395,0.18522017507616265,0.39740269981160103,1
04,217,578,76,0.039633020758628845,1.3842239185750653,0.6271003125968176,0.05782663875853853,0.3424634756776781,1
04,218,578,76,0.0415724441409111,1.4641544488872744,0.6690351926335857,0.06569456025067648,0.36736487644213106,1
04,219,578,76,0.040846481919288635,1.5763964618926463,0.6533381875582219,0.0767430462671755,0.36504061691269873,1
04,220,578,76,0.03963445872068405,1.7209499575911795,0.6271314047074076,0.09097209680803545,0.3590517507577215,1
04,221,578,76,0.03966363146901131,1.8978149359828758,0.6277621879147373,0.10838171187325647,0.3680719498939969,1
04,222,578,76,0.04020905867218971,1.9641342542105904,0.6395556026703956,0.11490982055950737,0.3772327116149515,1
04,223,578,76,0.0383150652050972,2.0593723494486857,0.5986030238995433,0.12428453449506141,0.36144377919730236,1
04,224,578,76,0.03899034112691879,2.1546104446867806,0.6132040723513688,0.1336592484306154,0.37343166039099207,1
04,225,578,76,0.038656335324048996,2.249848539924876,0.6059820838970237,0.14303396236616947,0.3745080231315966,1
04,226,578,76,0.038665350526571274,2.3450866351629713,0.6061770137095301,0.1524086763017235,0.3792928450056268,1
04,227,578,76,0.03784366324543953,2.4403247304010667,0.5884102084431889,0.16178339023727756,0.3750967993402332,1
04,228,578,76,0.03759739175438881,2.535562825639162,0.5830852414823724,0.1711581041728316,0.377121672827602,1
04,229,578,76,0.03822235018014908,2.630800920877257,0.5965983077120803,0.1805328181083856,0.388565562910233,1
04,230,578,77,0.03716689720749855,1.8671998061311048,0.5737769401876434,0.10536812698642445,0.3395725335870339,1
04,231,578,77,0.0389239601790905,1.9471303364433137,0.6117687606451488,0.11323604847856238,0.3625024045618556,1
04,232,578,77,0.03855903819203377,2.0593723494486857,0.6038782918131216,0.12428453449506141,0.3640814131540915,1
04,233,578,77,0.039268963038921356,2.2022294923058285,0.619228531250948,0.13834660539839247,0.37878756832467025,1
04,234,578,76,0.038124460726976395,3.297467587543924,0.5944817082561995,0.24615581565726385,0.4203187619567317,1
04,235,578,76,0.039606690406799316,3.392705682782019,0.6265309886650839,0.25553052959281786,0.4410307591289509,1
04,236,578,76,0.037135664373636246,3.487943778020114,0.5731016131016706,0.26490524352837197,0.4190034283150213,1
04,237,578,76,0.04035898670554161,3.5831818732582095,0.6427973982216907,0.27427995746392597,0.45853867784280833,1
04,238,578,76,0.039396338164806366,3.5831818732582095,0.6219826800729399,0.27427995746392597,0.44813131876843293,1
04,239,578,76,0.04007301479578018,3.5831818732582095,0.6366140151402622,0.27427995746392597,0.45544698630209407,1
04,240,578,76,0.04009384661912918,3.5831818732582095,0.6370644479962688,0.27427995746392597,0.4556722027300974,1
04,241,578,76,0.04203108698129654,3.5831818732582095,0.678952126020587,0.27427995746392597,0.47661604174225647,1
04,242,578,76,0.042699795216321945,3.5831818732582095,0.6934111656875163,0.27427995746392597,0.4838455615757211,1
04,243,578,76,0.040346164256334305,3.5831818732582095,0.6425201468106795,0.27427995746392597,0.4584000521373027,1
04,244,578,83,0.04168248176574707,3.083484793408457,0.6714144640392945,0.2250925270946831,0.4482534955669888,1
04,245,578,86,0.040372613817453384,5.607294317217981,0.6430920483267107,0.473522446386865,0.5583072473567878,1
04,246,578,86,0.04009599611163139,5.163415323720666,0.637110925063135,0.42982944123345573,0.5334701831482954,1
04,247,578,89,0.04373929649591446,7.5120562219798845,0.7158876202131298,0.6610167250979456,0.6884521726555377,1
04,248,578,89,0.043967992067337036,6.925320085625428,0.720832554589068,0.6032616490412054,0.6620471018151367,1
04,249,578,89,0.044326718896627426,6.370895431964135,0.7285890695871291,0.5486871375088264,0.6386381035479778,1
04,250,578,89,0.04450037330389023,5.848782260996,0.7323438849631572,0.4972931905008079,0.6148185377319826,1
04,251,578,89,0.044219549745321274,5.406599620340077,0.7262718213035815,0.4537671649849277,0.5900194931442546,1
04,252,578,89,0.047448378056287766,4.996728462377315,0.7960866585983473,0.4134217039934084,0.6047541812958779,1
04,253,578,89,0.04774285852909088,4.619168787107717,0.8024540167590174,0.3762568075262502,0.5893554121426338,1
04,254,578,89,0.045501675456762314,4.279009653055452,0.7539943848204067,0.3427734144960397,0.5483838996582232,1
04,255,578,89,0.046244069933891296,3.9558544367704656,0.7700466937812935,0.3109637935467744,0.540505243664034,1
04,256,578,89,0.04771069437265396,3.692233127347629,0.8017585522957196,0.2850143627336441,0.5433864575146818,1
04,257,578,89,0.04639127478003502,3.4609233006179556,0.7732296076412902,0.2622454964448748,0.5177375520430825,1
04,258,578,89,0.04842669889330864,3.2619249565814434,0.817240248532724,0.2426571946804666,0.5299487216065953,1
04,259,578,89,0.048404913395643234,3.095238095238094,0.8167691950023366,0.2262494574404193,0.5215093262213779,1
04,260,578,89,0.049480073153972626,2.960862716587906,0.8400166694309715,0.213022284724733,0.5265194770778523,1
04,261,578,89,0.04721447452902794,2.8587988206308808,0.7910291160084074,0.20297567653340776,0.4970023962709076,1
04,262,578,89,0.04756239429116249,2.7992245244153637,0.7985519568799887,0.19711151069161725,0.497831733785803,1
04,263,578,89,0.04608509689569473,2.794095076537824,0.7666093240214176,0.1966065960733749,0.48160796004739626,1
04,264,578,89,0.0479387491941452,2.8212771113534476,0.8066896321560582,0.19928224597949368,0.5029859390677759,1
04,265,578,89,0.04873280227184296,3.106991397067733,0.8238589211624107,0.22740638778615577,0.5256326544742832,1
04,266,578,89,0.049573443830013275,3.249848539924876,0.8420355623320712,0.24146845868948685,0.541752010510779,1
04,267,578,92,0.04873550310730934,1.658063734399614,0.8239173195566534,0.08478192310249798,0.4543496213295757,1
04,268,578,92,0.04813887178897858,1.5475180742356325,0.811016751795664,0.07390041672352785,0.44245858425959594,1
04,269,578,92,0.04619936645030975,1.4692838967648139,0.7690800996696914,0.06619947486891879,0.41763978726930506,1
04,270,578,92,0.04747413843870163,1.4233612019871569,0.796643658455158,0.06167909753867069,0.4291613779969144,1
04,271,578,89,0.0490737110376358,3.9641342542105904,0.831230167857489,0.31177881320614215,0.5715044905318156,1
04,272,578,89,0.04933975264430046,3.9641342542105904,0.8369826110641615,0.31177881320614215,0.5743807121351518,1
04,273,578,89,0.04774105176329613,3.9641342542105904,0.8024149502470068,0.31177881320614215,0.5570968817265745,1
04,274,578,89,0.04639327898621559,3.9641342542105904,0.7732729432772938,0.31177881320614215,0.5425258782417179,1
04,275,578,89,0.04684857279062271,3.9641342542105904,0.7831174626554341,0.31177881320614215,0.5474481379307882,1
04,276,578,89,0.04706539213657379,3.9641342542105904,0.7878056051957234,0.31177881320614215,0.5497922092009327,1
04,277,578,95,0.04829229786992073,1.9201098590411578,0.814334183336192,0.11057630139506558,0.4624552423656288,1
04,278,578,95,0.046876706182956696,1.7364190799305304,0.7837257725496691,0.09249479207407323,0.43811028231187116,1
04,279,578,95,0.04679734632372856,1.6173512662062286,0.7820098263530474,0.080774411801803,0.4313921190774252,1
04,280,578,95,0.04665582254528999,1.557817359344077,0.7789497504947335,0.07491422166566782,0.42693198608020066,1
04,281,578,95,0.04629063233733177,1.5305949351750883,0.7710534820980366,0.07223459605389372,0.42164403907596515,1
04,282,578,95,0.04894644394516945,1.535683993699261,0.8284783549712669,0.07273553496648054,0.4506069449688737,1
04,283,578,95,0.046826500445604324,1.5730845349165965,0.7826402068128306,0.07641703840342844,0.4295286226081295,1
04,284,578,95,0.047069892287254333,1.6427965588270932,0.787902909002958,0.08327910636473723,0.4355910076838476,1
04,285,578,107,0.04643811285495758,10.893008602932266,0.7742423566217215,0.993819069810114,0.8840307132159178,1
04,286,578,107,0.04753245413303375,10.068177228482572,0.7979045804737431,0.9126272089144888,0.855265894694116,1
04,287,578,107,0.04708581790328026,9.27565733672604,0.7882472581552163,0.8346159125432245,0.8114315853492204,1
04,288,578,107,0.047256775200366974,8.65830607051981,0.791943755686511,0.773847251599652,0.7828955036430815,1
04,289,578,107,0.047849420458078384,8.073266287006746,0.8047581354725492,0.7162591551804409,0.7605086453264951,1
04,290,578,107,0.04653356969356537,7.52053798618684,0.7763063572480293,0.6618516232855903,0.7190789902668098,1
04,291,578,89,0.04708562046289444,10.82127711135345,0.7882429890312234,0.9867582165660329,0.8875006027986281,1
04,292,578,89,0.048112653195858,10.82127711135345,0.8104498443492093,0.9867582165660329,0.898604030457621,1
04,293,578,89,0.048056576400995255,10.82127711135345,0.8092373325857136,0.9867582165660329,0.8979977745758733,1
04,294,578,107,0.05798662453889847,7.581727856537016,1.0239482519375662,0.6678748173535991,0.8459115346455827,1
04,295,578,107,0.06996368616819382,6.950765378246293,1.2829204017042855,0.6057663436041396,0.9443433726542125,1
04,296,578,107,0.06805825233459473,6.3521143826487325,1.2417204553903722,0.5468384343790413,0.8942794448847068,1
04,297,578,107,0.06478172540664673,5.785774869744334,1.170874262178527,0.491091089678304,0.8309826759284156,1
04,298,578,107,0.06527794897556305,5.5374611252473835,1.1816037790153484,0.46664845130858973,0.8241261151619691,1
04,299,578,105,0.06724422425031662,5.511935053919785,1.2241192599151522,0.4641358053343445,0.8441275326247484,1
04,300,578,105,0.06648436933755875,5.423482370047255,1.2076894154041753,0.4554290099489064,0.8315592126765409,1
04,301,578,105,0.0629681944847107,5.367341168867886,1.1316614722590492,0.4499027790878291,0.7907821256734392,1
04,302,578,105,0.06767107546329498,5.343511450381679,1.2333487837897856,0.44755711275111293,0.8404529482704493,1
04,303,578,107,0.09627636522054672,4.838402197180823,1.8518622065658554,0.39783693782403967,1.1248495721949476,1
04,304,578,107,0.07819696515798569,4.654711418070197,1.460943194406656,0.37975542850304744,0.9203493114548518,0
04,305,578,107,0.027186840772628784,4.506724827335515,0.3579847242229451,0.3651884429814741,0.36158658360220963,0
04,306,578,107,0.02377277798950672,4.316248636859324,0.2841646834024917,0.34643901511036607,0.3153018492564289,0
04,307,578,107,0.020905889570713043,4.158083929076295,0.22217583505755836,0.33087015176361895,0.27652299341058867,0
04,308,578,107,0.019419075921177864,4.032230703986429,0.19002743847747997,0.3184818529412329,0.2542546457093564,0
04,309,578,109,0.017801320180296898,3.4948907467991446,0.1550477669202548,0.2655890649011096,0.2103184159106822,0
04,310,578,109,0.016230739653110504,3.2057837554020767,0.1210881340740525,0.23713096381938958,0.17910954894672104,0
04,311,578,109,0.016595052555203438,2.955773658063735,0.1289654330613092,0.21252134581214632,0.17074338943672776,0
04,312,578,109,0.017300959676504135,2.401308615049073,0.14422879985335543,0.15794285857411158,0.1510858292137335,0
04,313,578,109,0.015807416290044785,1.9437780201138983,0.11193489058472626,0.11290606490915994,0.11242047774694311,0
04,314,578,109,0.01535265427082777,1.5831818732582095,0.10210186964903846,0.07741096481729123,0.08975641723316485,0
04,315,578,109,0.015771174803376198,1.6784199684963046,0.11115126468349944,0.08678567875284525,0.09896847171817234,0
04,316,578,109,0.016889197751879692,1.7736580637344,0.1353255417661423,0.0961603926883993,0.1157429672272708,0
04,317,578,110,0.015771707519888878,1.0100569489882476,0.11116278326332937,0.02099570156643812,0.06607924241488375,0
04,318,578,111,0.015214326791465282,0.6394038531443125,0.09911090526970408,0.0,0.04955545263485204,0
04,319,578,111,0.015483538620173931,0.5594329334787366,0.10493189610879107,0.0,0.052465948054395535,0
04,320,578,112,0.015763064846396446,0.6037804434750997,0.11097590840175295,0.0,0.055487954200876474,0
04,321,578,112,0.015722820535302162,0.5118946645664199,0.11010573205278307,0.0,0.055052866026391534,0
04,322,578,112,0.014405447989702225,0.5492548164303885,0.08162104935371418,0.0,0.04081052467685709,0
04,323,578,112,0.014269561506807804,0.7175572519083974,0.07868286504034874,0.0,0.03934143252017437,0
04,324,578,112,0.014592035673558712,0.896118583141484,0.08565551248865509,0.009780235912410075,0.047717874200532584,0
04,325,578,112,0.013748960569500923,1.1069913970677332,0.06742625235204416,0.030537395139521042,0.0489818237457826,0
04,326,578,112,0.014451155439019203,1.3450866351629713,0.08260935155807277,0.05397417997840614,0.06829176576823945,0
04,327,578,114,0.013974973000586033,0.5935619370733876,0.07231317094390892,0.0,0.03615658547195446,0
04,328,578,114,0.014766319654881954,0.5356839936992609,0.08942394073175483,0.0,0.044711970365877415,0
04,329,578,114,0.015245487913489342,0.6087483339391746,0.09978468177762279,0.0,0.04989234088881139,0
04,330,578,114,0.014935066923499107,0.6971606284583386,0.09307265226665717,0.0,0.04653632613332859,0
04,331,578,114,0.015099996700882912,0.8501958883638281,0.09663882069190416,0.0052598585821620825,0.050949339637033124,0
04,332,578,114,0.015963701531291008,1.0593723494486855,0.11531414387364218,0.02585003817174402,0.0705820910226931,0
04,333,578,114,0.015492349863052368,1.2974675875439237,0.10512241583566333,0.049286823010629116,0.07720461942314621,0
04,334,578,117,0.016377966850996017,1.3215800315036954,0.12427153123110501,0.05166031928693346,0.08796592525901924,0
04,335,578,117,0.015929067507386208,0.9814208974514307,0.11456527508567838,0.01817692625672299,0.06637110067120068,0
04,336,578,117,0.016080835834145546,0.721151904358011,0.11784686209456781,0.0,0.058923431047283904,0
04,337,578,117,0.01857103779911995,0.5901288420372385,0.17169086625710386,0.0,0.08584543312855193,0
04,338,578,119,0.016268379986286163,1.750151460075124,0.12190200631602155,0.09384653199692662,0.10787426915647408,0
04,339,578,119,0.017307886853814125,1.4015105618159045,0.14437858166589912,0.059528240779071415,0.10195341122248527,0
04,340,578,119,0.017346182838082314,1.08857385193263,0.14520663062150502,0.028724473360635196,0.0869655519910701,0
04,341,578,119,0.017229098826646805,0.8878791550547259,0.14267499981895493,0.008969191958697853,0.0758220958888264,0
04,342,578,119,0.01731085404753685,0.7602891877701025,0.14444273935005672,0.0,0.07222136967502836,0
04,343,578,121,0.016118124127388,1.8930086029322668,0.11865312240790798,0.10790860290025767,0.11328086265408283,0
04,344,578,121,0.01645956002175808,1.500141362736782,0.12603576685855228,0.06923691398968337,0.09763634042411783,0
04,345,578,121,0.016954587772488594,1.1718970879276212,0.13673942730288843,0.03692635412783106,0.08683289071535974,0
04,346,578,121,0.017710350453853607,0.9150611898703492,0.153080788177899,0.01164484186481661,0.08236281502135781,0
04,347,578,121,0.015969593077898026,0.7551597398925629,0.11544153292260041,0.0,0.057720766461300206,0
04,348,578,121,0.017007675021886826,0.7874308332323589,0.13788729808517067,0.0,0.06894364904258533,0
04,349,578,121,0.017188698053359985,0.9132436689688583,0.14180144039059445,0.011465935110321252,0.07663368775045785,0
04,350,578,121,0.018477337434887886,1.096894058726119,0.16966484472443102,0.02954346872565812,0.09960415672504458,0
04,351,578,121,0.01694999262690544,1.3128559311765409,0.13664006948316665,0.05080156686535592,0.09372081817426128,0
04,352,578,121,0.01694130338728428,1.5611292863201256,0.13645218775272397,0.07524022952941477,0.10584620864106936,0
04,353,578,125,0.01645161584019661,1.988246698170362,0.12586399502996962,0.1172833168358117,0.12157365593289066,0
04,354,578,125,0.018145740032196045,1.4967486570539996,0.16249493152784852,0.06890295471462544,0.11569894312123699,0
04,355,578,125,0.016211066395044327,1.1872046528535074,0.12066275211543824,0.03843314657124715,0.0795479493433427,0
04,356,578,125,0.016205187886953354,0.9524617310876847,0.12053564498976256,0.0153263453017645,0.06793099514576353,0
04,357,578,125,0.016768747940659523,0.814653257401349,0.1327211344819395,0.0017612376053649055,0.0672411860436522,0
04,358,578,126,0.016100812703371048,1.00351387374288,0.11827880883819004,0.020351637250254788,0.06931522304422241,0
04,359,578,126,0.015184039250016212,0.8419160709237032,0.09845601762171627,0.0044448389227943735,0.05145042827225532,0
04,360,578,126,0.015476548112928867,0.7772527161840121,0.10478074495458928,0.0,0.05239037247729464,0
04,361,578,126,0.015202689915895462,0.8078274566824177,0.09885928874002764,0.001089343349593571,0.049974316044810604,0
04,362,578,126,0.015246753580868244,0.9030251625671462,0.09981204847340752,0.010460081579492119,0.05513606502644982,0
04,363,578,126,0.01455105934292078,1.0628458338382,0.08476950816110773,0.026191948858112792,0.055480728509610264,0
04,364,578,126,0.014873148873448372,1.1801769053677447,0.09173383887257884,0.037741373787198634,0.06473760632988873,0
04,365,578,126,0.014155667275190353,1.329819459590452,0.07622020475513694,0.05247136324064554,0.06434578399789123,0
04,366,578,126,0.014807898551225662,1.5117734965063208,0.0903229739424315,0.07038191721845338,0.08035244558044244,0
04,367,578,126,0.013801734894514084,1.7260390161153523,0.0685673569755452,0.09147303572062228,0.08002019634808374,0
04,368,578,127,0.014354279264807701,1.1818732582091365,0.08051466156872153,0.03790835342472767,0.0592115074967246,0
04,369,578,127,0.013553442433476448,1.3502160830405108,0.06319869190593339,0.05447909459664844,0.05883889325129091,0
04,370,578,127,0.01342965941876173,1.5831818732582095,0.06052221294828425,0.07741096481729123,0.06896658888278774,0
04,371,578,128,0.013444517739117146,1.1733914940021815,0.060843484666128024,0.03707345523708291,0.048958469951605466,0
04,372,578,129,0.0137751130387187,1.0594531281554194,0.06799173004470878,0.025857989583055015,0.0469248598138819,0
04,373,578,129,0.014931952580809593,1.0713275980451578,0.09300531287688223,0.02702684704575781,0.06001607996132002,0
04,374,578,129,0.015092543326318264,1.045801526717558,0.09647766126117181,0.024514201071512455,0.06049593116634214,0
04,375,578,129,0.015118352137506008,1.115513550628055,0.09703570826160349,0.03137626903282128,0.06420598864721239,0
04,376,578,131,0.0147678442299366,1.0000000000000013,0.08945690561843593,0.0200057508582308,0.05473132823833336,0
04,377,578,131,0.014226263388991356,0.8418352922169736,0.07774665823113006,0.004436887511483794,0.04109177287130693,0
04,378,578,131,0.01397635880857706,0.7193747728098869,0.07234313536136858,0.0,0.03617156768068429,0
04,379,578,131,0.01333929318934679,0.6139181711700782,0.05856828322643507,0.0,0.029284141613217535,0
04,380,578,131,0.014075197279453278,0.5849590048063321,0.0744802548047437,0.0,0.03724012740237185,0
04,381,578,131,0.014662748202681541,0.680156710691062,0.08718448313681383,0.0,0.043592241568406916,0
04,382,578,132,0.01565803773701191,0.4540974998990269,0.1087049760860529,0.0,0.05435248804302645,0
04,383,578,132,0.013349905610084534,0.41661617997495914,0.058797748641053964,0.0,0.029398874320526982,0
04,384,578,132,0.013758067972958088,0.5339068621511368,0.06762317576490579,0.0,0.03381158788245289,0
04,385,578,133,0.012903992086648941,0.4337412658023349,0.04915605292733142,0.0,0.02457802646366571,0
04,386,578,133,0.013313882052898407,0.38943414515933583,0.0580188348861212,0.0,0.0290094174430606,0
04,387,578,133,0.01421208307147026,0.5305141564683546,0.0774400465239789,0.0,0.03872002326198945,0
04,388,578,133,0.013286683708429337,0.8212771113534475,0.057430742918720565,0.002413253332858939,0.029921998125789752,0
04,389,578,134,0.013606165535748005,0.40130861504907367,0.06433868897368154,0.0,0.03216934448684077,0
04,390,578,134,0.013508433476090431,0.5389959206753115,0.06222549273456858,0.0,0.03111274636728429,0
04,391,578,134,0.01289704442024231,0.8212771113534482,0.049005828092486575,0.0024132533328590044,0.02570954071267279,0
04,392,578,134,0.01333007961511612,1.1069913970677339,0.058369064152558395,0.03053739513952111,0.04445322964603975,0
04,393,578,136,0.01328913401812315,0.6820550102992865,0.05748372435846276,0.0,0.02874186217923138,0
04,394,578,137,0.013280711136758327,1.1889010056948979,0.05730160191793505,0.03860012620877605,0.04795086406335555,0
04,395,578,137,0.013138839974999428,0.8827497071771878,0.05423401481787887,0.00846427734045568,0.03134914607916728,0
04,396,578,138,0.012767769396305084,1.3691990791227429,0.04621059902075164,0.05634767625471046,0.05127913763773105,0
04,397,578,138,0.013834440149366856,1.0698735813239628,0.06927452125506883,0.026883721642161306,0.04807912144861507,0
04,398,578,138,0.014590498991310596,0.8351710489115056,0.08562228581606877,0.003780896078334012,0.04470159094720139,0
04,399,578,139,0.01313291396945715,1.3232763843450859,0.05410588068595961,0.05182729892446236,0.05296658980521099,0
04,400,578,139,0.013587330467998981,1.0120360273032016,0.06393143065465982,0.02119051114355502,0.042560970899107424,0
04,401,578,139,0.01349134836345911,0.7977301183408033,0.06185607254754062,9.541693573063558e-05,0.030975744741635627,0
04,402,578,139,0.014110476709902287,0.6803586574578934,0.07524307879519375,0.0,0.037621539397596875,0
04,403,578,141,0.014458762481808662,1.750151460075124,0.08277383365606374,0.09384653199692662,0.08831018282649518,0
04,404,578,141,0.014466957189142704,1.3538915141968582,0.08295102243914682,0.054840883811294525,0.06889595312522068,0
04,405,578,141,0.014718174003064632,0.9984248152187073,0.08838291887355927,0.01985069833766797,0.05411680860561362,0
04,406,578,141,0.015109863132238388,0.7942970233046542,0.09685215606728569,0.0,0.04842607803364284,0
04,407,578,142,0.014176924712955952,1.119188981784401,0.0766798403925811,0.03173805824746723,0.054208949320024166,0
04,408,578,142,0.014873847365379333,0.8011228240235896,0.09174894190557263,0.0004293762107889584,0.0460891590581808,0
04,409,578,142,0.015038355253636837,0.6207843612423763,0.09530598809889136,0.0,0.04765299404944568,0
04,410,578,142,0.015231546014547348,0.6479260067046314,0.09948322523906686,0.0,0.04974161261953343,0
04,411,578,142,0.014079123735427856,0.7992245244153637,0.0745651539875461,0.0002425180449824961,0.0374038360162643,0
04,412,578,142,0.014396158047020435,1.0321903146330622,0.08142017901489684,0.023174388265625262,0.05229728364026105,0
04,413,578,142,0.014386247843503952,1.2974675875439237,0.08120589718278104,0.049286823010629116,0.06524636009670508,0
04,414,578,142,0.014493774622678757,1.5831818732582095,0.0835308782192215,0.07741096481729123,0.08047092151825637,0
04,415,578,144,0.014311940409243107,0.506765216688879,0.07959919625814763,0.0,0.03979959812907381,0
04,416,578,145,0.014745909720659256,0.753503776404542,0.08898263010767646,0.0,0.04449131505383823,0
04,417,578,145,0.014966809190809727,0.5714689607819382,0.0937589944980267,0.0,0.04687949724901335,0
04,418,578,145,0.014379519037902355,0.5203764287733734,0.08106040463160759,0.0,0.040530202315803794,0
04,419,578,145,0.015443398617208004,0.6223595460236676,0.10406397514608161,0.0,0.052031987573040804,0
04,420,578,145,0.01606924459338188,0.7617835938446641,0.11759623229638029,0.0,0.058798116148190145,0
04,421,578,145,0.01542902272194624,0.9556524900036355,0.10375313458969221,0.01564042604854525,0.05969678031911873,0
04,422,578,145,0.014864482916891575,1.1818328688557695,0.09154646057656929,0.037904377719072166,0.06472541914782073,0
04,423,578,145,0.015037273056805134,1.4403247304010667,0.09528258846643967,0.06334889391396017,0.07931574119019992,0
04,424,578,148,0.014468048699200153,1.2263419362656,0.08297462344537178,0.042285605351379416,0.0626301143983756,0
04,425,578,148,0.014633498154580593,0.9405872611979489,0.08655202852716613,0.014157487839061955,0.050354758183114044,0
04,426,578,148,0.014883751049637794,0.7517670342097806,0.09196308277604716,0.0,0.04598154138802358,0
04,427,578,148,0.015564089640974998,0.6666666666666653,0.10667359801101159,0.0,0.053336799005505794,0
04,428,578,148,0.014617357403039932,0.6445333010218506,0.08620302764074576,0.0,0.04310151382037288,0
04,429,578,148,0.015000637620687485,0.6870229007633587,0.09449044445460433,0.0,0.04724522222730217,0
04,430,578,148,0.015483220107853413,0.7941354658911897,0.10492500912574591,0.0,0.05246250456287296,0
04,431,578,149,0.014665157534182072,0.6292661254493312,0.08723657853195373,0.0,0.04361828926597686,0
04,432,578,149,0.015380879864096642,0.659840865947738,0.10271217314362861,0.0,0.051356086571814306,0
04,433,578,149,0.014768004417419434,0.7873500545256279,0.08946036924733584,0.0,0.04473018462366792,0
04,434,578,149,0.014858132228255272,1.010097338341613,0.09140914380058981,0.020999677272093464,0.05620441053634164,0
04,435,578,149,0.01505107618868351,1.2974675875439237,0.09558104453577417,0.049286823010629116,0.07243393377320165,0
04,436,578,152,0.015179894864559174,1.3283654428692597,0.09836640629261982,0.0523282378370493,0.07534732206483456,0
04,437,578,152,0.01508728414773941,1.0664404862878165,0.09636394549141729,0.026545786661448165,0.061454866076432725,0
04,438,578,152,0.014130577445030212,0.8691384950926934,0.07567770381000022,0.007124464534568618,0.04140108417228442,0
04,439,578,152,0.01484239287674427,0.7364594692838958,0.09106882212379654,0.0,0.04553441106189827,0
04,440,578,152,0.014256682246923447,0.673492467385598,0.0784043852493207,0.0,0.03920219262466035,0
04,441,578,152,0.01407169084995985,0.7074599135667857,0.0744044375791149,0.0,0.03720221878955745,0
04,442,578,152,0.013629256747663021,0.8383618078274564,0.06483797510707873,0.004094976825114761,0.03446647596609674,0
04,443,578,154,0.014587217010557652,0.9847732137808448,0.08555132169837532,0.018506909826125302,0.052029115762250305,0
04,444,578,154,0.014026269316673279,0.7313300214063564,0.0734223175495951,0.0,0.03671115877479755,0
04,445,578,154,0.01526285707950592,0.6105658548406628,0.10016024386473489,0.0,0.050080121932367445,0
04,446,578,154,0.01475594099611044,0.562906417868247,0.08919952979884453,0.0,0.044599764899422266,0
04,447,578,155,0.014324162155389786,0.7075810816268822,0.0798634590607842,0.0,0.0399317295303921,0
04,448,578,155,0.014417191967368126,0.5749020558180873,0.081874981681783,0.0,0.0409374908408915,0
04,449,578,155,0.014869068749248981,0.5493355951371208,0.09164561702251782,0.0,0.04582280851125891,0
04,450,578,155,0.01449111383408308,0.6513187123874123,0.08347334573220386,0.0,0.04173667286610193,0
04,451,578,157,0.01415979117155075,1.1395856052344597,0.07630937306193225,0.033745789603470126,0.05502758133270119,0
04,452,578,157,0.015269545838236809,0.8368270123995333,0.10030487050868336,0.003943900010207818,0.05212438525944559,0
04,453,578,157,0.015580137260258198,0.6343955733268707,0.10702058515969945,0.0,0.053510292579849725,0
04,454,578,157,0.015006975270807743,0.5612100650268566,0.09462747930730128,0.0,0.04731373965365064,0
04,455,578,157,0.014258702285587788,0.6172704874994936,0.07844806322073872,0.0,0.03922403161036936,0
04,456,578,158,0.01545817218720913,0.4591865584232023,0.1043834143625888,0.0,0.0521917071812944,0
04,457,578,158,0.016181936487555504,0.41322347429217693,0.12003289522746546,0.0,0.06001644761373273,0
04,458,578,158,0.014872545376420021,0.49650632093380004,0.09172078985207222,0.0,0.04586039492603611,0
04,459,578,160,0.01425760518759489,1.2263419362656,0.07842434139024981,0.042285605351379416,0.060354973370814614,0
04,460,578,160,0.014726349152624607,0.882790096530556,0.08855968477171852,0.008468253046111297,0.048513968908914906,0
04,461,578,160,0.013726858422160149,0.6140393392301773,0.06694835211336618,0.0,0.03347417605668309,0
04,462,578,160,0.014199330471456051,0.45409749989902287,0.07716430541626705,0.0,0.038582152708133526,0
04,463,578,160,0.014293107204139233,0.45571307403368233,0.07919197821388055,0.0,0.039595989106940274,0
04,464,578,161,0.013635982759296894,0.5171048911506944,0.0649834072461202,0.0,0.0324917036230601,0
04,465,578,161,0.013987505808472633,0.4013893937558066,0.07258415963057205,0.0,0.036292079815286024,0
04,466,578,161,0.013852269388735294,0.44723130982672743,0.0696600312065795,0.0,0.03483001560328975,0
04,467,578,163,0.013362209312617779,1.2739609838846477,0.059063783532895146,0.04697296231915644,0.05301837292602579,0
04,468,578,163,0.013010525144636631,0.9304091441496036,0.051459547382166064,0.013155610013888321,0.032307578698027195,0
04,469,578,163,0.01451143529266119,0.661658386849225,0.08391274330543634,0.0,0.04195637165271817,0
04,470,578,163,0.013893495313823223,0.4932347833111156,0.07055143235124997,0.0,0.035275716175624985,0
04,471,578,164,0.01336002629250288,0.7450220121975845,0.059016581520445234,0.0,0.029508290760222617,0
04,472,578,164,0.013468217104673386,0.5494163738438571,0.06135592050691846,0.0,0.03067796025345923,0
04,473,578,164,0.013180040754377842,0.45583424209378415,0.055124872253361566,0.0,0.027562436126680783,0
04,474,578,164,0.014264393597841263,0.49997980532331454,0.07857112273357207,0.0,0.039285561366786036,0
04,475,578,164,0.014774437062442303,0.6733712993254961,0.08959945811251993,0.0,0.044799729056259965,0
04,476,578,165,0.014896048232913017,0.42687507573003947,0.09222897670624707,0.0,0.04611448835312353,0
04,477,578,165,0.013948965817689896,0.49824306312856137,0.07175083468210701,0.0,0.035875417341053505,0
04,478,578,165,0.013416369445621967,0.698856981299729,0.06023485257385584,0.0,0.03011742628692792,0
04,479,578,167,0.01484974566847086,0.8997940142978312,0.09122780671777778,0.010142025127056148,0.05068491592241696,0
04,480,578,167,0.013752173632383347,0.642958116240562,0.06749572630381558,0.0,0.03374786315190779,0
04,481,578,167,0.012888112105429173,0.48305666626277294,0.04881269050656206,0.0,0.02440634525328103,0
04,482,578,167,0.014254705049097538,0.4336604870955985,0.07836163359725962,0.0,0.03918081679862981,0
04,483,578,167,0.013267379254102707,0.5390363100286736,0.05701333536152702,0.0,0.02850666768076351,0
04,484,578,168,0.012644764967262745,0.44900844137485696,0.043550954910546245,0.0,0.021775477455273123,0
04,485,578,168,0.012885605916380882,0.42853103921806446,0.048758500824180366,0.0,0.024379250412090183,0
04,486,578,168,0.01274389959871769,0.5611292863201256,0.045694478039910724,0.0,0.022847239019955362,0
04,487,578,168,0.012341003865003586,0.8212771113534475,0.03698292778483204,0.002413253332858939,0.01969809055884549,0
04,488,578,170,0.013925537467002869,0.8504786138373932,0.07124425881811816,0.0052876885217502355,0.0382659736699342,0
04,489,578,171,0.013941967859864235,1.4644371743608382,0.07159952242888662,0.0657223901902645,0.06866095630957555,0
04,490,578,171,0.014811286702752113,1.11579627610162,0.09039623372114002,0.03140409897240943,0.060900166346774726,0
04,491,578,171,0.014281419105827808,0.8079486247425168,0.07893925412845122,0.0011012704665598993,0.04002026229750556,0
04,492,578,171,0.014714828692376614,0.6429581162405592,0.0883105854142077,0.0,0.04415529270710385,0
04,493,578,171,0.013900472782552242,0.5476796316490985,0.07070230158216921,0.0,0.035351150791084605,0
04,494,578,171,0.013326385989785194,0.5595137121854661,0.05828919931408726,0.0,0.02914459965704363,0
04,495,578,171,0.01416944619268179,0.7005937234944849,0.07651813725266099,0.0,0.038259068626330495,0
04,496,578,171,0.014859107322990894,0.9641342542105904,0.09143022763464913,0.016475324236189998,0.05395277593541956,0
04,497,578,172,0.013322337530553341,0.5713881820752074,0.05820166213485529,0.0,0.029100831067427644,0
04,498,578,172,0.014856500551104546,0.7073791348600521,0.09137386311551633,0.0,0.045686931557758166,0
04,499,578,173,0.013877120800316334,0.5339876408578678,0.07019737698312102,0.0,0.03509868849156051,0
04,500,578,173,0.013973918743431568,0.520336039420008,0.07229037543277696,0.0,0.03614518771638848,0
04,501,578,173,0.01388608105480671,0.6359303687547966,0.07039111869036528,0.0,0.03519555934518264,0
04,502,578,173,0.014437180943787098,0.8688961589724952,0.08230719021131046,0.007100610300635962,0.04470390025597321,0
04,503,578,173,0.014570336788892746,1.1546104446867809,0.08518633173435886,0.035224752107298064,0.060205541920828456,0
04,504,578,173,0.014896840788424015,1.4403247304010667,0.09224611361435069,0.06334889391396017,0.07779750376415542,0
04,505,578,173,0.014985811896622181,1.6784199684963046,0.09416987754496693,0.08678567875284525,0.09047777814890609,0
04,506,578,175,0.016303999349474907,0.663233571630519,0.12267218044919524,0.0,0.06133609022459762,0
04,507,578,175,0.015704799443483353,0.7005937234944876,0.10971607380154344,0.0,0.05485803690077172,0
04,508,578,175,0.015466292388737202,0.8621107476069307,0.10455899215548588,0.006432691750520114,0.05549584195300299,0
04,509,578,175,0.01549910195171833,1.006664243305464,0.1052684118212699,0.02066174229138006,0.06296507705632498,0
04,510,578,175,0.016916614025831223,1.1359101740781123,0.135918345879837,0.033384000388824046,0.08465117313433053,0
04,511,578,175,0.015311500057578087,1.2974675875439237,0.10121201908242201,0.049286823010629116,0.07524942104652557,0
04,512,578,177,0.014544581063091755,0.6020437012803425,0.08462943256443473,0.0,0.04231471628221736,0
04,513,578,177,0.015094960108399391,0.49654671028716824,0.0965299177553303,0.0,0.04826495887766515,0
04,514,578,179,0.017254088073968887,1.750151460075124,0.14321532592734054,0.09384653199692662,0.11853092896213357,0
04,515,578,179,0.016644811257719994,1.4015105618159058,0.13004133285703173,0.059528240779071546,0.09478478681805164,0
04,516,578,179,0.016011547297239304,1.0851811462498477,0.11634868149633906,0.028390514085577266,0.07236959779095817,0
04,517,578,179,0.015615195967257023,0.8113413304252978,0.10777863659172347,0.0014352297416176975,0.05460693316667058,0
04,518,578,179,0.01692500151693821,0.6599216446544663,0.13609970310002636,0.0,0.06804985155001318,0
04,519,578,179,0.014934184029698372,0.6377478896562861,0.09305356203295304,0.0,0.04652678101647652,0
04,520,578,179,0.01576591655611992,0.6819338422391846,0.11103756905112223,0.0,0.05551878452556112,0
04,521,578,180,0.015763765200972557,0.6667474453733989,0.11099105170950138,0.0,0.05549552585475069,0
04,522,578,181,0.016047557815909386,1.0477402156791453,0.11712731332798929,0.02470503494297388,0.07091617413548158,0
04,523,578,181,0.016410088166594505,0.7994264711821965,0.12496606937504584,0.00026239657325979697,0.06261423297415282,0
04,524,578,181,0.01613990217447281,0.634395573326868,0.11912401483927686,0.0,0.05956200741963843,0
04,525,578,181,0.01585160754621029,0.629225736095963,0.11289040913879968,0.0,0.05644520456939984,0
04,526,578,181,0.014981771819293499,0.7465164182721421,0.09408252160213089,0.0,0.047041260801065445,0
04,527,578,181,0.01737120747566223,0.9454743729552875,0.14574772195022898,0.014638548223371342,0.08019313508680016,0
04,528,578,181,0.01698591373860836,1.1767438103315957,0.13741676812659365,0.03740343880648523,0.08741010346653943,0
04,529,578,183,0.01645491272211075,0.724544610040792,0.12593528134570028,0.0,0.06296764067285014,0
04,530,578,184,0.01792902685701847,1.0851407568964822,0.15780908464857435,0.028386538379921902,0.09309781151424812,0
04,531,578,184,0.016693374142050743,0.7670745991356709,0.13109137626026893,0.0,0.06554568813013446,0
04,532,578,184,0.015562224201858044,0.5476392422957304,0.10663326284422953,0.0,0.05331663142211476,0
04,533,578,185,0.015326058492064476,0.8521345773254154,0.10152680656476713,0.005450692453623506,0.05348874950919532,0
04,534,578,185,0.016350675374269485,0.6190880084009859,0.12368142552597189,0.0,0.061840712762985944,0
04,535,578,185,0.015851307660341263,0.5068056060422472,0.11288392490330101,0.0,0.05644196245165051,0
04,536,578,185,0.016560858115553856,0.5271618401389379,0.12822606911544282,0.0,0.06411303455772141,0
04,537,578,185,0.01522236131131649,0.6359707581081621,0.09928463042388726,0.0,0.04964231521194363,0
04,538,578,186,0.014706000685691833,0.4898420776283374,0.0881197032145436,0.0,0.0440598516072718,0
04,539,578,186,0.015497041866183281,0.49997980532331726,0.1052238679426269,0.0,0.05261193397131345,0
04,540,578,186,0.016237767413258553,0.6291853467425975,0.12124009072334731,0.0,0.060620045361673654,0
04,541,578,187,0.016299612820148468,0.4591865584231969,0.12257733340199428,0.0,0.06128866670099714,0
04,542,578,187,0.015178023837506771,0.49654671028716824,0.0983259503015738,0.0,0.0491629751507869,0
04,543,578,187,0.016261637210845947,0.6036592754149992,0.12175621170418822,0.0,0.06087810585209411,0
04,544,578,187,0.015469739213585854,0.8026172300981446,0.10463352058896587,0.0005764773200402835,0.052604998954503074,0
04,545,578,187,0.01527349278330803,1.0338866674744527,0.10039021271378691,0.02334136790315416,0.06186579030847054,0
04,546,578,187,0.015596557408571243,1.2974675875439237,0.10737562725931733,0.049286823010629116,0.07833122513497323,0
04,547,578,189,0.016237126663327217,0.5799103356355276,0.12122623620774767,0.0,0.060613118103873834,0
04,548,578,189,0.01638060249388218,0.5373399571872859,0.12432852000893489,0.0,0.062164260004467446,0
04,549,578,190,0.016550762578845024,0.6139989498768118,0.12800777994523935,0.0,0.06400388997261967,0
04,550,578,190,0.015069202519953251,0.47445373399572166,0.09597297831065152,0.0,0.04798648915532576,0
04,551,578,190,0.016914285719394684,0.45910577971646865,0.1358680024365244,0.0,0.0679340012182622,0
04,552,578,191,0.016438039019703865,0.6140393392301773,0.1255704323433251,0.0,0.06278521617166255,0
04,553,578,191,0.01711054891347885,0.44048628781453114,0.1401116727844952,0.0,0.0700558363922476,0
04,554,578,191,0.016426384449005127,0.40130861504907295,0.1253184332034795,0.0,0.06265921660173975,0
04,555,578,191,0.01610901579260826,0.518599297225252,0.11845617885766904,0.0,0.05922808942883452,0
04,556,578,193,0.015448846854269505,1.2739609838846477,0.10418177880343313,0.04697296231915644,0.07557737056129478,0
04,557,578,193,0.01570292003452778,0.9253200856254296,0.1096754365741015,0.01265467110130136,0.06116505383770143,0
04,558,578,193,0.015064042061567307,0.6174724342663264,0.09586139710289344,0.0,0.04793069855144672,0
04,559,578,193,0.015973025932908058,0.4711418070196663,0.11551575929542053,0.0,0.057757879647710265,0
04,560,578,193,0.01533044595271349,0.48636859323882015,0.10162167374934543,0.0,0.050810836874672714,0
04,561,578,194,0.014833944849669933,0.5783351508542364,0.09088615597408105,0.0,0.045443077987040524,0
04,562,578,194,0.013902314007282257,0.46092330061795816,0.07074211317714083,0.0,0.03537105658857041,0
04,563,578,195,0.014725140295922756,0.7892483541338484,0.08853354645595062,0.0,0.04426677322797531,0
04,564,578,195,0.014996369369328022,0.5255866553576466,0.09439815485432365,0.0,0.047199077427161826,0
04,565,578,195,0.015268576331436634,0.43366048709560123,0.10028390749888799,0.0,0.050141953749443996,0
04,566,578,195,0.015101239085197449,0.5339068621511368,0.09666568395325577,0.0,0.048332841976627884,0
04,567,578,195,0.015047981403768063,0.7736580637343999,0.09551412803092303,0.0,0.047757064015461516,0
04,568,578,195,0.014860959723591805,1.0593723494486855,0.09147028087814865,0.02585003817174402,0.05866015952494634,0
04,569,578,196,0.014586254954338074,0.5100771436649316,0.08553051978759854,0.0,0.04276525989379927,0
04,570,578,196,0.015422082506120205,0.709035098348077,0.10360307085386597,0.0,0.051801535426932985,0
04,571,578,196,0.014738183468580246,0.9641342542105904,0.08881557042538789,0.016475324236189998,0.05264544733078894,0
04,572,578,196,0.015413578599691391,1.249848539924876,0.10341919646151097,0.04459946604285209,0.07400933125218154,0
04,573,578,196,0.016557808965444565,1.4879437780201141,0.12816013934208062,0.06803625088173718,0.0980981951119089,0
04,574,578,196,0.015886159613728523,1.7260390161153523,0.11363750583755887,0.09147303572062228,0.10255527077909057,0
04,575,578,196,0.016764605417847633,1.9641342542105904,0.13263156342759772,0.11490982055950737,0.12377069199355253,0
04,576,578,196,0.015428012236952782,2.2022294923058285,0.10373128553529452,0.13834660539839247,0.12103894546684349,0
04,577,578,196,0.03005656599998474,2.3450866351629713,0.4200349110192105,0.1524086763017235,0.28622179366046696,0
05,35,583,11,0.05171912536025047,0.4148390484268357,0.8884302270502625,0.0,0.44421511352513127,1
05,36,583,12,0.05057923123240471,0.3385031705642376,0.8637830437985182,0.0,0.4318915218992591,1
05,37,583,13,0.05087605118751526,0.8930086029322661,0.8702009870510289,0.009474106576940233,0.43983754681398457,1
05,38,583,13,0.04721749946475029,0.5528494688800029,0.7910945222099591,0.0,0.39554726110497956,1
05,39,583,13,0.04994341358542442,0.30445494567632025,0.8500351757492003,0.0,0.42501758787460014,1
05,40,583,13,0.049043040722608566,0.3281634961024277,0.8305670037474205,0.0,0.41528350187371027,1
05,41,583,15,0.04992431029677391,1.3691990791227429,0.849622117865509,0.05634767625471046,0.45298489706010975,1
05,42,583,16,0.04868438467383385,1.9406276505513145,0.8228120191900362,0.1125959598680347,0.46770398952903547,1
05,43,583,16,0.04809637367725372,1.5443677046730486,0.8100978429935675,0.0735903116824026,0.44184407733798503,1
05,44,583,16,0.047702666372060776,1.2297346419483823,0.8015849681031777,0.042619564626437345,0.4221022663648075,1
05,45,583,16,0.04747854918241501,0.9780281917686499,0.7967390290741695,0.017842966981665202,0.40729099802791735,1
05,46,583,16,0.04713397100567818,0.7637222828062514,0.7892884411124305,0.0,0.39464422055621523,1
05,47,583,20,0.04966803640127182,3.797770507694171,0.8440808754722215,0.2954028816113383,0.5697418785417799,1
05,48,583,20,0.04736977070569992,3.30627246657781,0.7943869834026042,0.24702251949015216,0.5207047514463782,1
05,49,583,20,0.04639915004372597,2.84708590815461,0.7733998893039509,0.20182272189332695,0.4876113055986389,1
05,50,583,20,0.046950310468673706,2.420210832424572,0.7853172697544222,0.1598034888208627,0.47256037928764244,1
05,51,583,20,0.045795440673828125,2.0732662870067444,0.7603462774752912,0.12565217724053654,0.44299922735791386,1
05,52,583,20,0.04463447257876396,1.7586332242820795,0.7352434256494358,0.09468143018457142,0.4149624279170036,1
05,53,583,20,0.045919038355350494,1.476311644250576,0.7630187490948527,0.06689124765296724,0.41495499837391,1
05,54,583,21,0.04432889446616173,1.6531766226422715,0.7286361105005604,0.08430086271818821,0.4064684866093743,1
05,55,583,21,0.045575179159641266,1.3725513954521598,0.7555837071884086,0.05667765982411305,0.4061306835062608,1
05,56,583,21,0.04584314301609993,1.1565491336483709,0.76137771394188,0.03541558597875975,0.39839664996031987,1
05,57,583,21,0.045131560415029526,1.0595742962155184,0.745991629972415,0.025869916700021332,0.38593077333621817,1
05,58,583,23,0.04651496931910515,1.5766387980128431,0.7759041735480935,0.07676690050110803,0.42633553702460075,1
05,59,583,23,0.046861790120601654,1.2347833111191895,0.7834032523144312,0.043116527833368806,0.4132598900739,1
05,60,583,23,0.04668733850121498,0.960943495294641,0.779631199343413,0.01616124348940938,0.3978962214164112,1
05,61,583,23,0.04335997998714447,0.7840381275495767,0.7076859080771667,0.0,0.35384295403858335,1
05,62,583,23,0.04528588429093361,0.799305303122096,0.7493284739446843,0.00025046945629333777,0.3747894717004888,1
05,63,583,23,0.04503936693072319,0.9540369158689773,0.7439981907162541,0.015481397822327192,0.3797397942692906,1
05,64,583,23,0.044250983744859695,1.1699987883193994,0.7269514980630564,0.036739495962025,0.38184549701254067,1
05,65,583,23,0.044555626809597015,1.4182721434629828,0.7335385952850975,0.06117815862608373,0.3973583769555906,1
05,66,583,23,0.04464607685804367,1.698856981299729,0.7354943373709059,0.08879738581450351,0.41214586159270467,1
05,67,583,23,0.046166397631168365,2.011753301829638,0.7683672365123847,0.11959717752728437,0.44398220701983454,1
05,68,583,25,0.046279288828372955,0.7430833232359944,0.7708082088422175,0.0,0.38540410442110873,1
05,69,583,25,0.04474511370062828,0.7974877822206065,0.7376357460756512,7.156270179811055e-05,0.36885365438872464,1
05,70,583,25,0.04436953738331795,0.9097297952259783,0.7295149056470254,0.011120048718297125,0.3703174771826612,1
05,71,583,25,0.044582538306713104,1.0542832909245117,0.7341204849402819,0.02534909925915708,0.3797347920997195,1
05,72,583,25,0.04538573697209358,1.2311482693162077,0.7514875229919664,0.04275871432437809,0.39712311865817224,1
05,73,583,25,0.04622829332947731,1.4403247304010667,0.7697055666094073,0.06334889391396017,0.4165272302616837,1
05,74,583,25,0.045502789318561554,1.6784199684963046,0.7540184691236874,0.08678567875284525,0.42040207393826634,1
05,75,583,25,0.045158158987760544,1.868896158972495,0.7465667534688183,0.10553510662395332,0.42605093004638583,1
05,76,583,27,0.04344923049211502,0.7958318187325815,0.7096157132209804,0.0,0.3548078566104902,1
05,77,583,27,0.042849354445934296,0.833232359949917,0.6966449868373906,0.003590062206872457,0.3501175245221315,1
05,78,583,27,0.043642185628414154,0.9352558665535766,0.7137878556046927,0.01363269469254234,0.36371027514861753,1
05,79,583,27,0.04314642399549484,1.006664243305464,0.7030683269070244,0.02066174229138006,0.3618650345992022,1
05,80,583,29,0.043927427381277084,0.9320247182842604,0.7199554509822984,0.013314638240106235,0.36663504461120233,1
05,81,583,29,0.0440499447286129,0.7177188093218634,0.7226045632441628,0.0,0.3613022816220814,1
05,82,583,29,0.043809786438941956,0.5714285714285714,0.7174117780281078,0.0,0.3587058890140539,1
05,83,583,29,0.042884524911642075,0.5220727816147652,0.6974054547546936,0.0,0.3487027273773468,1
05,84,583,29,0.045414652675390244,0.5696514398804473,0.7521127482831544,0.0,0.3760563741415772,1
05,85,583,29,0.04547743499279022,0.7141645462256152,0.7534702491633904,0.0,0.3767351245816952,1
05,86,583,29,0.044984716922044754,0.942041277919141,0.7428165294148203,0.014300613242658187,0.37855857132873927,1
05,87,583,29,0.04665190353989601,1.2022294923058285,0.7788650124109496,0.039912109075075086,0.40938856074301233,1
05,88,583,29,0.044795844703912735,1.4879437780201141,0.7387326692933011,0.06803625088173718,0.4033844600875191,1
05,89,583,29,0.04394436627626419,1.6784199684963046,0.7203217096010863,0.08678567875284525,0.4035536941769658,1
05,90,583,32,0.04441948980093002,1.0307362979118702,0.7305949940172316,0.023031262862029042,0.37681312843963033,1
05,91,583,32,0.04684917628765106,0.8079082353891514,0.7831305116759408,0.001097294760904544,0.3921139032184227,1
05,92,583,32,0.044074684381484985,0.6820146209459197,0.7231394925354253,0.0,0.36156974626771266,1
05,93,583,32,0.04518493637442589,0.6530554545821723,0.747145743341668,0.0,0.373572871670834,1
05,94,583,32,0.047017667442560196,0.7210307362979106,0.7867736854320787,0.0,0.39338684271603935,1
05,95,583,32,0.044420626014471054,0.8774587018861824,0.7306195616175681,0.00794345989959155,0.36928151075857985,1
05,96,583,32,0.04717656224966049,1.0985096328607784,0.7902093636522595,0.02970249695187631,0.4099559303020679,1
05,97,583,32,0.046903952956199646,1.277070964093865,0.7843149116606907,0.04727909165462622,0.4157970016576584,1
05,98,583,32,0.047206420451402664,1.4879437780201141,0.7908549679693004,0.06803625088173718,0.4294456094255188,1
05,99,583,36,0.04608845338225365,2.0834847934084566,0.7666818991292971,0.12665803077136567,0.4466699649503314,1
05,100,583,36,0.04579883813858032,1.6872248475301908,0.7604197386277729,0.08765238258573357,0.42403606060675325,1
05,101,583,36,0.047086022794246674,1.4185144795831817,0.7882516883782278,0.06120201286001645,0.42472685061912213,1
05,102,583,36,0.04589521884918213,1.1889010056948985,0.7625037155323873,0.03860012620877611,0.40055192087058167,1
05,103,583,36,0.04556705802679062,1.0239104971929396,0.7554081092581342,0.022359368606257774,0.38888373893219597,1
05,104,583,36,0.04580795019865036,0.9235429540773048,0.7606167627275212,0.012479740052461424,0.3865482513899913,1
05,105,583,36,0.0457458570599556,0.8877983763479943,0.7592741635065058,0.008961240547387077,0.38411770202694645,1
05,106,583,36,0.043927524238824844,0.9166767640050081,0.7199575452695401,0.011803870091034733,0.36588070768028746,1
05,107,583,36,0.0432165302336216,1.010178117048346,0.7045841881225445,0.02100762868340437,0.36279590840297443,1
05,108,583,36,0.043350912630558014,1.1683024354780083,0.70748985057153,0.036572516324496034,0.372031183448013,1
05,109,583,38,0.045112911611795425,0.9524213417343186,0.7455883991288582,0.01532236959610908,0.38045538436248366,1
05,110,583,38,0.044117558747529984,0.7959125974393159,0.7240665368379611,0.0,0.36203326841898054,1
05,111,583,38,0.0432642437517643,0.7720828789531092,0.7056158662376613,0.0,0.35280793311883063,1
05,112,583,38,0.043875955045223236,0.8128761258532256,0.7188424984122977,0.0015863065565250992,0.36021440248441144,1
05,113,583,38,0.04274218901991844,0.9182923381396662,0.6943278191033523,0.011962898317252781,0.35314535871030256,1
05,114,583,38,0.0437585674226284,1.0883315158124323,0.7163043028247397,0.028700619126702586,0.37250246097572115,1
05,115,583,38,0.04399250075221062,1.3196009531887405,0.7213624898107539,0.051465509709816476,0.3864139997602852,1
05,116,583,41,0.043958891183137894,1.3963407245849988,0.7206357721378477,0.05901935045517368,0.3898275612965107,1
05,117,583,41,0.04501088336110115,1.1054969909931736,0.7433823091681449,0.03039029403026926,0.38688630159920706,1
05,118,583,41,0.043968088924884796,0.8843652813118466,0.7208346488763099,0.008623305566673792,0.36472897722149183,1
05,119,583,41,0.04543229565024376,0.7601680197100054,0.7524942307592001,0.0,0.37624711537960004,1
05,120,583,41,0.04441175237298012,0.7210307362979126,0.730427692686415,0.0,0.3652138463432075,1
05,121,583,41,0.045527759939432144,0.7465164182721454,0.7545583924845266,0.0,0.3772791962422633,1
05,122,583,41,0.047351714223623276,0.8366250656327012,0.7939965599310261,0.003924021481930583,0.39896029070647837,1
05,123,583,41,0.04460259526968002,0.9913566783795799,0.7345541634983541,0.019154949847964176,0.37685455667315915,1
05,124,583,49,0.049664873629808426,6.41681812674179,0.8440124889388256,0.5532075148390743,0.69861000188895,1
05,125,583,49,0.04935230687260628,5.830081990387334,0.8372540629105032,0.4954524387823341,0.6663532508464186,1
05,126,583,49,0.04785268008708954,5.275657336726039,0.8048286162931868,0.4408779272499549,0.6228532717715709,1
05,127,583,49,0.048136647790670395,4.753544165757906,0.8109686637386118,0.3894839802419366,0.6002263219902741,1
05,128,583,49,0.047252584248781204,4.263742477482935,0.7918531374885482,0.34127059775827934,0.5665618676234138,1
05,129,583,49,0.047441206872463226,3.806252271901127,0.7959316007929444,0.2962377797989832,0.5460846902959638,1
05,130,583,50,0.04772121086716652,3.95080576759966,0.801985943560474,0.31046683033984307,0.5562263869501586,1
05,131,583,50,0.04732370376586914,3.542630962478291,0.7933909081705981,0.27028834898585286,0.5318396285782254,1
05,132,583,51,0.047759611159563065,3.6667878347267653,0.8028162479023403,0.28250966817070994,0.5426629580365251,1
05,133,583,51,0.048384539783000946,3.1820752049759684,0.8163286697359738,0.23479722459963964,0.5255629471678067,1
05,134,583,51,0.05085818096995354,2.7942970233046576,0.8698145910549159,0.19662647460165228,0.5332205328282841,1
05,135,583,51,0.0496005080640316,2.501756936871442,0.8426207545171371,0.167830438539219,0.5052255965281781,1
05,136,583,51,0.04856034740805626,2.2704471101417685,0.8201300427283773,0.14506157225044977,0.48259580748941355,1
05,137,583,51,0.049793507903814316,2.214305908962399,0.846793863494961,0.1395353413893725,0.49316460244216676,1
05,138,583,51,0.049489639699459076,2.190476190476191,0.8402235205708544,0.13718967505265617,0.4887065978117553,1
05,139,583,51,0.04959377273917198,2.198957954683146,0.8424751210043224,0.1380245732403009,0.4902498471223117,1
05,140,583,51,0.048517853021621704,2.239751201583264,0.8192112144757902,0.14204003595230674,0.48062562521404845,1
05,141,583,52,0.048202596604824066,1.7397310069065797,0.812394631701753,0.09282079993782025,0.4526077158197866,1
05,142,583,52,0.05026492476463318,1.7346015590290402,0.8569870011493526,0.09231588531957793,0.47465144323446523,1
05,143,583,52,0.05085793137550354,1.794095076537825,0.8698091942377928,0.09817209975005763,0.4839906469939252,1
05,144,583,52,0.05044965445995331,1.9165152065915434,0.86098129021653,0.11022246359173041,0.4856018769041302,1
05,145,583,52,0.05046015605330467,2.059372349448686,0.8612083592832472,0.12428453449506145,0.49274644688915437,1
05,146,583,52,0.05010775476694107,2.202229492305829,0.8535886173519779,0.1383466053983925,0.4959676113751852,1
05,147,583,52,0.04774981737136841,2.345086635162972,0.8026044832423901,0.15240867630172358,0.47750657977205685,1
05,148,583,53,0.047987449914216995,1.629104568035866,0.8077426558911395,0.08193134214753929,0.4448369990193394,1
05,149,583,53,0.04690617322921753,1.7566541459671239,0.7843629191682336,0.09448662060745437,0.439424769887844,1
05,150,583,53,0.04772421345114708,1.9165152065915434,0.8020508664649699,0.11022246359173041,0.45613666502835015,1
05,151,583,53,0.0465850830078125,2.059372349448686,0.7774201958626322,0.12428453449506145,0.45085236517884686,1
05,152,583,53,0.046566709876060486,2.202229492305829,0.7770229256827638,0.1383466053983925,0.45768476554057813,1
05,153,583,53,0.04917217791080475,2.2974675875439243,0.8333592524873115,0.14772131933394655,0.49054028591062904,1
05,154,583,53,0.04929744452238083,2.3927056827820197,0.8360678102870394,0.15709603326950058,0.49658192177827,1
05,155,583,54,0.0470053106546402,1.629104568035866,0.7865065027097301,0.08193134214753929,0.4342189224286347,1
05,156,583,54,0.04773944988846779,1.7090350983480764,0.8023803139580077,0.08979926363967737,0.44608978879884253,1
05,157,583,54,0.04843970388174057,1.8212771113534483,0.817521446869691,0.10084774965617639,0.4591845982629337,1
05,158,583,54,0.04718766361474991,1.964134254210591,0.790449401189974,0.11490982055950744,0.45267961087474073,1
05,159,583,54,0.04740513861179352,2.106991397067734,0.7951517204439,0.1289718914628385,0.46206180595336926,1
05,160,583,54,0.04595530778169632,2.249848539924877,0.7638029791173992,0.14303396236616955,0.45341847074178443,1
05,161,583,54,0.047262489795684814,2.3927056827820197,0.7920673186337774,0.15709603326950058,0.474581675951639,1
05,162,583,54,0.04597171023488045,2.487943778020115,0.7641576386068479,0.16647074720505464,0.4653141929059513,1
05,163,583,56,0.04617893695831299,1.1461286804798252,0.7686383661606891,0.03438985391965324,0.4015141100401712,1
05,164,583,58,0.04624088481068611,1.212609556121006,0.7699778239508419,0.04093386542852597,0.40545584468968393,1
05,165,583,58,0.049090009182691574,1.032311482693162,0.8315825719606773,0.023186315382591666,0.4273844436716345,1
05,166,583,58,0.04799871891736984,0.9064582576032959,0.8079863181567726,0.010798016560205601,0.4093921673584891,1
05,167,583,58,0.04752460867166519,0.8197019265721556,0.7977349432071569,0.0022582008122963133,0.3999965720097266,1
05,168,583,58,0.0488521084189415,0.7975685609273394,0.8264385997472583,7.95141131090178e-05,0.41325905693018367,1
05,169,583,58,0.04882924631237984,0.7958318187325821,0.8259442674086831,0.0,0.41297213370434155,1
05,170,583,58,0.04741321876645088,0.8791550547275735,0.7953264323295721,0.008110439537120515,0.40171843593334633,1
05,171,583,58,0.04825110360980034,0.9947897734157275,0.8134434668623506,0.019492884828677448,0.416468175845514,1
05,172,583,66,0.05009329691529274,6.559675269598935,0.8532760047063839,0.5672695857424055,0.7102727952243947,1
05,173,583,70,0.05222379043698311,9.750151460075122,0.8993422690751582,0.8813225025834655,0.8903323858293118,1
05,174,583,70,0.050838783383369446,8.972939133244475,0.8693951697599899,0.8048179986556172,0.8371065842078036,1
05,175,583,70,0.050434499979019165,8.228038289106992,0.8606536148126969,0.7314940592521301,0.7960738370324134,1
05,176,583,70,0.05012022331357002,7.563067975281716,0.8538582165596056,0.6660380413407807,0.7599481289501931,1
05,177,583,70,0.050717517733573914,6.9304091441496025,0.8667731221332503,0.6037625879537925,0.7352678550435214,1
05,178,583,70,0.049137700349092484,6.330061795710652,0.8326137667787382,0.5446676990911652,0.6886407329349518,1
05,179,583,70,0.05136321485042572,5.76202592996486,0.8807346074812323,0.48875337475289865,0.6847439911170655,1
05,180,583,70,0.05243055522441864,5.226301546912232,0.9038130084898462,0.43601961493899327,0.6699163117144198,1
05,181,583,70,0.049387797713279724,4.722888646552768,0.838021458085606,0.38646641964944906,0.6122439388675276,1
05,182,583,70,0.048888131976127625,4.251787228886464,0.8272175135021911,0.34009378888426567,0.5836556511932284,1
05,183,583,70,0.049044303596019745,3.812997293913323,0.8305943100310733,0.2969017226434434,0.5637480163372584,1
05,184,583,70,0.05122619867324829,3.508542348237004,0.8777719965291716,0.26693285341265194,0.5723524249709118,1
05,185,583,70,0.051107995212078094,3.3571630518195392,0.8752161605990768,0.2520319086160207,0.5636240346075487,1
05,186,583,70,0.049903906881809235,3.2380952380952372,0.8491809482030719,0.24031152834375039,0.5447462382734112,1
05,187,583,70,0.05082085728645325,3.151338907064097,0.8690075655212374,0.23177171259584117,0.5503896390585392,1
05,188,583,71,0.05141335353255272,2.6190072296942524,0.8818187233269035,0.1793719120569938,0.5305953176919487,1
05,189,583,71,0.05239682272076607,2.4863282038854546,0.9030836326831331,0.16631171897883637,0.5346976758309847,1
05,190,583,71,0.051460541784763336,2.418272143462983,0.8828390439612089,0.1596126549494011,0.521225849455305,1
05,191,583,71,0.05197892338037491,2.413142695585443,0.894047669279348,0.15910774033115876,0.5265777048052533,1
05,192,583,71,0.05141669139266014,2.4403247304010667,0.8818908956872364,0.16178339023727756,0.521837142962257,1
05,193,583,71,0.049841564148664474,2.678419968496305,0.8478329521649333,0.18522017507616265,0.5165265636205479,1
05,194,583,71,0.051461074501276016,2.7260390161153523,0.8828505625410389,0.18990753204393965,0.5363790472924893,1
05,195,583,71,0.05039219185709953,2.7736580637343997,0.8597388140355747,0.19459488901171665,0.5271668515236457,1
05,196,583,72,0.05109923705458641,1.9624379013692,0.8750267887027121,0.11474284092197846,0.4948848148123453,1
05,197,583,72,0.054675813764333725,1.9947493840623614,0.9523607615916314,0.1179234054463394,0.5351420835189854,1
05,198,583,72,0.05355111509561539,2.0593723494486857,0.9280421397883225,0.12428453449506141,0.526163337141692,1
05,199,583,72,0.052416495978832245,2.1546104446867806,0.9035090146417474,0.1336592484306154,0.5185841315361814,1
05,200,583,72,0.0525529608130455,2.249848539924876,0.9064597042664316,0.14303396236616947,0.5247468333163006,1
05,201,583,72,0.05092442408204079,2.3450866351629713,0.8712469224292918,0.1524086763017235,0.5118277993655076,1
05,202,583,72,0.05135529115796089,2.4403247304010667,0.8805632786749509,0.16178339023727756,0.5211733344561142,1
05,203,583,72,0.05004851147532463,2.535562825639162,0.852307638505577,0.1711581041728316,0.5117328713392043,1
05,204,583,72,0.05302801355719566,2.630800920877257,0.9167314582419003,0.1805328181083856,0.5486321381751429,1
05,205,583,72,0.050279200077056885,2.7260390161153523,0.8572956668689908,0.18990753204393965,0.5236015994564652,1
05,206,583,74,0.04893750697374344,1.3842239185750653,0.8282851166984557,0.05782663875853853,0.44305587772849714,1
05,207,583,74,0.05033927038311958,1.4165354012682267,0.8585945277064563,0.061007203282899464,0.45980086549467786,1
05,208,583,74,0.050669457763433456,1.4811583666545511,0.8657339529137686,0.06736833233162148,0.46655114262269504,1
05,209,583,74,0.051407668739557266,1.530473767114989,0.8816958047757114,0.07222266893692737,0.4769592368563194,1
05,210,583,74,0.05205817148089409,1.61210065026859,0.8957611989906907,0.08025757006659436,0.48800938452864256,1
05,211,583,74,0.05132441967725754,1.7260390161153523,0.8798957648913802,0.09147303572062228,0.48568440030600124,1
05,212,583,74,0.04989613592624664,1.868896158972495,0.8490129219266717,0.10553510662395332,0.47727401427531246,1
05,213,583,75,0.05234512314200401,1.1801365160143793,0.9019657665930652,0.03773739808154329,0.46985158233730423,1
05,214,583,75,0.05367419123649597,1.2804636697766472,0.9307033344765819,0.047613050929684146,0.48915819270313304,1
05,215,583,75,0.05166829749941826,1.4403247304010667,0.8873312095453708,0.06334889391396017,0.4753400517296655,1
05,216,583,76,0.05143352970480919,0.8876368189345304,0.8822549794692733,0.008945337724765459,0.4456001585970194,1
05,217,583,76,0.05283527821302414,0.9284300658346467,0.9125640682792366,0.012960800436771136,0.4627624343580039,1
05,218,583,76,0.050220053642988205,1.0593723494486855,0.8560167823098318,0.02585003817174402,0.4409334102407879,1
05,219,583,76,0.04985799267888069,1.249848539924876,0.8481881755009472,0.04459946604285209,0.4463938207718996,1
05,220,583,76,0.05028640106320381,1.4403247304010667,0.8574513690704682,0.06334889391396017,0.46040013149221415,1
05,221,583,77,0.050852276384830475,0.7719617108930095,0.8696869200826751,0.0,0.43484346004133756,1
05,222,583,77,0.05014209449291229,0.9471303364433138,0.8543311227287069,0.014801552155245016,0.434566337441976,1
05,223,583,77,0.04926367104053497,1.1546104446867809,0.8353375484357239,0.035224752107298064,0.435281150271511,1
05,224,583,77,0.05115317180752754,1.392705682782019,0.8761929844983601,0.05866153694618316,0.46742726072227164,1
05,225,583,77,0.05081559345126152,1.6308009208772571,0.8688937490645963,0.08209832178506825,0.47549603542483226,1
05,226,583,77,0.05220841243863106,1.868896158972495,0.8990097607007671,0.10553510662395332,0.5022724336623602,1
05,227,583,77,0.05274612456560135,2.011753301829638,0.9106363574226647,0.11959717752728437,0.5151167674749745,1
05,228,583,77,0.052575722336769104,2.1546104446867806,0.9069518617682558,0.1336592484306154,0.5203055550994357,1
05,229,583,77,0.05255039781332016,2.297467587543924,0.9064042862040331,0.1477213193339465,0.5270628027689899,1
05,230,583,83,0.05301757529377937,3.2739609838846477,0.9165057585168411,0.2438419549657912,0.5801738567413162,1
05,231,583,77,0.052429139614105225,2.868896158972495,0.9037823996763121,0.20396960294727068,0.5538760013117914,1
05,232,583,77,0.051773037761449814,3.011753301829638,0.8895959395488547,0.21803167385060176,0.5538138066997282,1
05,233,583,77,0.051509905606508255,3.1546104446867806,0.8839064055089456,0.23209374475393277,0.5580000751314392,1
05,234,583,77,0.05509383603930473,3.249848539924876,0.9613993831292235,0.24146845868948685,0.6014339209093551,1
05,235,583,77,0.05466145649552345,3.3450866351629713,0.9520503237827884,0.25084317262504086,0.6014467482039146,1
05,236,583,77,0.05599319934844971,3.4403247304010667,0.9808457262139828,0.26021788656059497,0.6205318063872889,1
05,237,583,77,0.05526784807443619,3.487943778020114,0.9651619312581443,0.26490524352837197,0.6150335873932582,1
05,238,583,77,0.05350416153669357,3.535562825639162,0.9270268937731031,0.26959260049614897,0.598309747134626,1
05,239,583,77,0.05523636192083359,3.5831818732582095,0.9644811268055391,0.27427995746392597,0.6193805421347325,1
05,240,583,76,0.05595720559358597,4.5831818732582095,0.9800674568551244,0.3727144537872433,0.6763909553211839,1
05,241,583,85,0.054487623274326324,4.153196817318954,0.948291642030314,0.3303890913793093,0.6393403667048116,1
05,242,583,85,0.05324440822005272,3.8368674017528974,0.9214104181381292,0.29925136468581515,0.6103308914119722,1
05,243,583,85,0.05452662333846092,3.552849468880002,0.9491349148431777,0.27129420251668196,0.6102145586799298,1
05,244,583,85,0.05298516899347305,3.3011430187002695,0.9158050583354388,0.24651760487190977,0.5811613316036743,1
05,245,583,85,0.0525035634636879,3.0817480512136988,0.9053916177731113,0.22492157175149863,0.565156594762305,1
05,246,583,85,0.0524916835129261,2.8946645664202904,0.9051347453879529,0.20650610315544846,0.5558204242717006,1
05,247,583,85,0.056961435824632645,2.7398925643200434,1.001781268626684,0.19127119908375922,0.5965262338552216,1
05,248,583,86,0.05536346882581711,2.901449977785855,0.9672294760628614,0.20717402170556432,0.5872017488842128,1
05,249,583,86,0.056533120572566986,2.7007552809079507,0.9925200887948955,0.18741874030362696,0.5899694145492612,1
05,250,583,86,0.05352814495563507,2.5646835494163724,0.9275454715139776,0.17402458795041176,0.5507850297321947,1
05,251,583,86,0.054106734693050385,2.384425865341894,0.9400559380014262,0.1562810136101328,0.5481684758057794,1
05,252,583,86,0.05610675737261772,2.3112807463952483,0.9833011169059802,0.1490810106681106,0.5661910637870454,1
05,253,583,86,0.0561952106654644,2.270447110141765,0.9852136844548038,0.1450615722504494,0.5651376283526266,1
05,254,583,87,0.054152946919202805,2.0697524132638625,0.9410551546642949,0.12530629084851222,0.5331807227564036,1
05,255,583,87,0.054119355976581573,1.982996082232722,0.9403288397389352,0.11676647510060292,0.5285476574197691,1
05,256,583,87,0.05407033860683441,1.960862716587906,0.9392689692955634,0.11458778840141565,0.5269283788484895,1
05,257,583,87,0.05395922437310219,2.0016559634880235,0.9368664190816669,0.11860325111342145,0.5277348350975442,1
05,258,583,87,0.053483687341213226,2.074760693081303,0.9265841936699892,0.1257992783497882,0.5261917360098887,1
05,259,583,87,0.054476622492074966,2.1801769053677447,0.9480537793293506,0.13617587011051602,0.5421148247199333,1
05,260,583,87,0.053602490574121475,2.3179046003473482,0.9291529980710813,0.14973302639560476,0.539443012233343,1
05,261,583,87,0.05707526579499245,2.4403247304010667,1.0042425394328602,0.16178339023727756,0.5830129648350689,1
05,262,583,87,0.05537028983235359,2.535562825639162,0.96737696221439,0.1711581041728316,0.5692675331936108,1
05,263,583,87,0.05463510751724243,2.630800920877257,0.9514805971035083,0.1805328181083856,0.566006707605947,1
05,264,583,87,0.05345325917005539,2.7260390161153523,0.9259262652780254,0.18990753204393965,0.5579168986609825,1
05,265,583,87,0.054108865559101105,2.8212771113534476,0.9401020123207459,0.19928224597949368,0.5696921291501198,1
05,266,583,87,0.05424605682492256,2.916515206591543,0.9430684090997437,0.20865695991504776,0.5758626845073958,1
05,267,583,87,0.05557358264923096,3.011753301829638,0.9717726294864102,0.21803167385060176,0.594902151668506,1
05,268,583,87,0.05397440493106842,3.106991397067733,0.9371946583320651,0.22740638778615577,0.5823005230591104,1
05,269,583,87,0.05742155387997627,3.1546104446867806,1.011730099619368,0.23209374475393277,0.6219119221866505,1
05,270,583,87,0.05678318068385124,3.2022294923058285,0.9979269746066702,0.23678110172170985,0.61735403816419,1
05,271,583,87,0.05642251670360565,3.249848539924876,0.9901285738637731,0.24146845868948685,0.61579851627663,1
05,272,583,87,0.05638101324439049,3.297467587543924,0.9892311717806597,0.24615581565726385,0.6176934937189618,1
05,273,583,87,0.05559731647372246,3.3450866351629713,0.9722858104101617,0.25084317262504086,0.6115644915176013,1
05,274,583,107,0.05807650089263916,15.654913364837027,1.0258915893989424,1.4625547665878156,1.244223177993379,1
05,275,583,107,0.057652298361063004,14.734843895149238,1.0167193362254214,1.3719881917566363,1.1943537639910289,1
05,276,583,107,0.058649204671382904,13.847085908154611,1.0382747876616967,1.2846021814498183,1.1614384845557575,1
05,277,583,107,0.05981887876987457,12.991639403853142,1.0635658836907866,1.2003967356673606,1.1319813096790736,1
05,278,583,107,0.0591837577521801,12.16850438224484,1.0498330783997079,1.1193718544092643,1.084602466404486,1
05,279,583,107,0.05900475010275841,11.377680843329696,1.0459625133788155,1.0415275376755289,1.0437450255271723,1
05,280,583,108,0.06186927482485771,11.093662910456802,1.1079002530600979,1.0135703755063956,1.0607353142832467,1
05,281,583,108,0.06104842573404312,10.256916676764003,1.0901515714333492,0.9312056814424123,1.0106786264378806,1
05,282,583,108,0.06115899235010147,9.48479340845753,1.0925422808693785,0.855202116427151,0.9738721986482648,1
05,283,583,108,0.06136597692966461,8.775596752695987,1.0970177727051151,0.7853927008230823,0.9412052367640987,1
05,284,583,108,0.06175757199525833,8.09871157962761,1.1054849760237317,0.718763849743375,0.9121244128835534,1
05,285,583,108,0.061294861137866974,7.454137889252392,1.0954800825725748,0.6553155631880285,0.8753978228803017,1
05,286,583,108,0.06318528950214386,6.841875681570338,1.1363555754630268,0.5950478411570432,0.865701708310035,1
05,287,583,108,0.0631338432431221,6.261924956581443,1.1352431867395913,0.5379606836504186,0.8366019351950049,1
05,288,583,108,0.06344760209321976,5.714285714285713,1.1420273886108898,0.48405409066815525,0.8130407396395225,1
05,289,583,108,0.06228501349687576,5.198957954683144,1.116889497748489,0.43332806221025283,0.7751087799793709,1
05,290,583,108,0.06444153189659119,4.7159416777737375,1.1635184809892343,0.3857825982767114,0.7746505396329728,1
05,291,583,108,0.06249804049730301,4.265236883557494,1.1214956408883106,0.34141769886753104,0.7314566698779208,1
05,292,583,108,0.06088268756866455,3.846843572034411,1.086567923764584,0.3002333639827116,0.6934006438736477,1
05,293,583,108,0.06280266493558884,3.460761743204491,1.128082335362805,0.26222959362225323,0.6951559644925291,1
05,294,583,108,0.06124500185251236,3.106991397067733,1.0944020079401011,0.22740638778615577,0.6609041978631285,1
05,295,583,108,0.06328324973583221,3.1546104446867806,1.1384737053595844,0.23209374475393277,0.6852837250567586,1
05,296,583,108,0.06433918327093124,3.2022294923058285,1.1613054637707212,0.23678110172170985,0.6990432827462155,1
05,297,583,108,0.06346501410007477,3.249848539924876,1.1424038770173588,0.24146845868948685,0.6919361678534228,1
05,298,583,108,0.061869435012340546,3.297467587543924,1.1079037166889978,0.24615581565726385,0.6770297661731308,1
05,299,583,108,0.06368973851203918,3.3450866351629713,1.147262945616383,0.25084317262504086,0.6990530591207119,1
05,300,583,108,0.065733902156353,3.392705682782019,1.191462555656635,0.25553052959281786,0.7234965426247264,1
05,301,583,108,0.06607955694198608,3.392705682782019,1.1989364224265617,0.25553052959281786,0.7272334760096898,1
05,302,583,108,0.07455351203680038,3.392705682782019,1.38216319672678,0.25553052959281786,0.8188468631597989,1
05,303,583,108,0.09184728562831879,3.392705682782019,1.7560951228696637,0.25553052959281786,1.005812826231241,1
05,304,583,107,0.09351564943790436,4.345086635162971,1.792169059510732,0.3492776689483582,1.070723364229545,1
05,305,583,107,0.09363739937543869,4.297467587543924,1.7948015785736806,0.3445903119805812,1.0696959452771309,1
05,306,583,107,0.0949370339512825,4.249848539924876,1.8229027247842167,0.3399029550128042,1.0814028398985105,1
05,307,583,107,0.09731712937355042,4.202229492305828,1.8743659673751218,0.33521559804502715,1.1047907827100745,1
05,308,583,107,0.09960537403821945,4.154610444686781,1.9238431812647216,0.33052824107725015,1.127185711170986,1
05,309,583,107,0.09607748687267303,4.106991397067733,1.847561990462356,0.32584088410947315,1.0867014372859145,1
05,310,583,107,0.1041560024023056,4.059372349448686,2.0222384343503594,0.32115352714169615,1.1716959807460279,1
05,311,583,107,0.10286945849657059,4.011753301829638,1.9944203391155044,0.31646617017391915,1.1554432546447118,1
05,312,583,107,0.11024291813373566,3.9641342542105904,2.153851821774337,0.31177881320614215,1.2328153174902396,1
05,313,583,107,0.10750091075897217,3.916515206591543,2.0945631943549192,0.30709145623836515,1.2008273252966422,1
05,314,583,108,0.08003535121679306,3.0100569489882476,1.5006934106521845,0.21786469421307283,0.8592790524326287,1
05,315,583,108,0.05395830422639847,2.9471303364433137,0.9368465233528697,0.21167054480187972,0.5742585340773747,0
05,316,583,108,0.04252295568585396,2.916515206591543,0.6895874804810366,0.20865695991504776,0.44912222019804215,0
05,317,583,108,0.03843104466795921,2.916515206591543,0.6011107717725859,0.20865695991504776,0.4048838658438168,0
05,318,583,109,0.04207594692707062,2.0865947736176755,0.6799221032115798,0.12696416010683562,0.4034431316592077,0
05,319,583,109,0.040518149733543396,2.042368431681409,0.6462388760065411,0.12261076241411642,0.3844248192103287,0
05,320,583,109,0.03651980310678482,2.0593723494486857,0.5597852487736737,0.12428453449506141,0.34203489163436757,0
05,321,583,109,0.03634044528007507,2.106991397067733,0.5559071120989072,0.1289718914628384,0.3424395017808728,0
05,322,583,109,0.036557093262672424,2.1546104446867806,0.5605915493617686,0.1336592484306154,0.347125398896192,0
05,323,583,109,0.03774325177073479,2.2022294923058285,0.5862390769695118,0.13834660539839247,0.36229284118395216,0
05,324,583,110,0.03570060431957245,1.3910093299406285,0.542072250579545,0.05849455730865426,0.30028340394409964,0
05,325,583,110,0.03693191334605217,1.4709398602528376,0.5686960382400065,0.06636247880079221,0.31752925852039937,0
05,326,583,110,0.036271579563617706,1.5831818732582095,0.554418073869984,0.07741096481729123,0.3159145193436376,0
05,327,583,111,0.03788149356842041,0.9573488428450273,0.5892281887101323,0.01580740568607428,0.3025177971981033,0
05,328,583,111,0.036979980766773224,1.023668161072742,0.5697353685585067,0.022335514372325182,0.29603544146541594,0
05,329,583,112,0.03645429387688637,0.658063734399614,0.55836878565263,0.0,0.279184392826315,0
05,330,583,112,0.03752163425087929,0.6478452279979005,0.581447186661244,0.0,0.290723593330622,0
05,331,583,112,0.03773179277777672,0.734561169675674,0.5859913066789044,0.0,0.2929956533394522,0
05,332,583,112,0.036168862134218216,0.9165152065915427,0.55219708225005,0.011787967268412974,0.28199252475923153,0
05,333,583,112,0.03577085956931114,1.1546104446867809,0.5435913337754371,0.035224752107298064,0.28940804294136757,0
05,334,583,112,0.03293345496058464,1.392705682782019,0.4822399945218601,0.05866153694618316,0.27045076573402166,0
05,335,583,114,0.03259427100419998,0.574821277111355,0.4749060422495878,0.0,0.2374530211247939,0
05,336,583,114,0.033389002084732056,0.46423522759400676,0.49208999126663294,0.0,0.24604499563331647,0
05,337,583,114,0.0329769141972065,0.48289510884930836,0.48317968509735604,0.0,0.24158984254867802,0
05,338,583,114,0.03448771685361862,0.6257118623530844,0.515846780242573,0.0,0.2579233901212865,0
05,339,583,114,0.03176106512546539,0.8025768407447804,0.4568901779004904,0.0005725016143850593,0.22873133975743773,0
05,340,583,114,0.03204017132520676,1.011753301829638,0.46292510823627864,0.02116268120396702,0.24204389472012283,0
05,341,583,114,0.03447369858622551,1.249848539924876,0.5155436724390764,0.04459946604285209,0.2800715692409642,0
05,342,583,114,0.03282611072063446,1.4879437780201141,0.4799189604113754,0.06803625088173718,0.27397760564655627,0
05,343,583,114,0.03458771854639053,1.7260390161153523,0.5180090512702271,0.09147303572062228,0.3047410434954247,0
05,344,583,114,0.03426719456911087,1.9641342542105904,0.5110785714900393,0.11490982055950737,0.31299419602477335,0
05,345,583,114,0.033353254199028015,2.1546104446867806,0.4913170381753884,0.1336592484306154,0.3124881433030019,0
05,346,583,114,0.032642949372529984,2.3450866351629713,0.4759585826876133,0.1524086763017235,0.3141836294946684,0
05,347,583,116,0.0307660810649395,1.0985096328607797,0.43537629001101397,0.029702496951876437,0.2325393934814452,0
05,348,583,116,0.03144143521785736,1.1784401631729888,0.44997903000253475,0.03757041844401439,0.24377472422327456,0
05,349,583,116,0.03185644745826721,1.2906821761783607,0.4589525675366123,0.04861890446051341,0.25378573599856286,0
05,350,583,117,0.03280317410826683,0.8978553253362426,0.47942301708261414,0.009951191255594592,0.24468710416910436,0
05,351,583,117,0.031635597348213196,0.9165555959449095,0.45417727042726025,0.01179194297406846,0.23298460670066434,0
05,352,583,117,0.03251175209879875,0.9998788319399009,0.47312179006907945,0.019993823741264342,0.2465578069051719,0
05,353,583,121,0.03385041281580925,2.750151460075124,0.5020667729390442,0.192281028320244,0.3471739006296441,0
05,354,583,121,0.03325532004237175,2.3538915141968566,0.4891994721253959,0.15327538013461173,0.32123742613000383,0
05,355,583,121,0.03133143484592438,1.9899430510117524,0.44760056409191895,0.1174502964733406,0.2825254302826298,0
05,356,583,121,0.030751148238778114,1.7535441657579047,0.43505340730298414,0.0941804912719844,0.26461694928748425,0
05,357,583,121,0.03219613432884216,1.5494567631972198,0.4662973939926401,0.07409125059498926,0.2701943222938147,0
05,358,583,121,0.031050482764840126,1.3776808433296965,0.44152572147427244,0.05718257444235509,0.24935414795831376,0
05,359,583,122,0.030234307050704956,1.7127105295044216,0.4238780892069408,0.09016105285432323,0.257019571030632,0
05,360,583,122,0.03233661130070686,1.4950119148592411,0.4693348354388407,0.06873199937144094,0.2690334174051408,0
05,361,583,122,0.03164353594183922,1.341936265600386,0.45434892143157896,0.05366407493728073,0.25400649818442983,0
05,362,583,125,0.03380664438009262,3.2263419362656003,0.5011203967542764,0.2391545979980142,0.3701374973761453,0
05,363,583,125,0.0330156646668911,2.7348438951492375,0.48401756109309657,0.19077423587682787,0.3373958984849622,0
05,364,583,125,0.03330042213201523,2.275657336726038,0.4901746850344932,0.1455744382800027,0.3178745616572479,0
05,365,583,125,0.030330996960401535,1.8555676723615644,0.42596875172082704,0.10422312375765429,0.2650959377392407,0
05,366,583,125,0.0298248752951622,1.500100973383415,0.4150252148377949,0.06923293828402786,0.2421290765609114,0
05,367,583,125,0.030522197484970093,1.2092572397915897,0.4301029552856589,0.040603881859123454,0.23535341857239117,0
05,368,583,125,0.030060933902859688,1.0833636253483567,0.4201293553188649,0.028211607331081898,0.22417048132497341,0
05,369,583,125,0.02998647280037403,1.0544044589846107,0.4185193317269729,0.025361026376123398,0.22194017905154817,0
05,370,583,126,0.029725855216383934,0.8911910820307758,0.41288416860584143,0.00929519982244493,0.21108968421414318,0
05,371,583,126,0.02948295697569847,0.8026980088048783,0.4076321392256963,0.0005844287313512672,0.2041082839785238,0
05,372,583,126,0.029517486691474915,0.8434508663516291,0.40837875262739964,0.00459591573770159,0.2064873341825506,0
05,373,583,126,0.028274988755583763,1.011753301829638,0.38151303451575513,0.02116268120396702,0.20133785785986108,0
05,374,583,126,0.028855688869953156,1.249848539924876,0.3940691323002222,0.04459946604285209,0.21933429917153716,0
05,375,583,126,0.02898436412215233,1.4879437780201141,0.39685139290095983,0.06803625088173718,0.2324438218913485,0
05,376,583,126,0.028491532430052757,1.7260390161153523,0.38619521639235616,0.09147303572062228,0.2388341260564892,0
05,377,583,126,0.02825072593986988,1.9641342542105904,0.38098841556168306,0.11490982055950737,0.24794911806059522,0
05,378,583,126,0.03010617382824421,2.2022294923058285,0.42110754855980637,0.13834660539839247,0.27972707697909943,0
05,379,583,127,0.029336214065551758,1.581485520416819,0.4044592135048528,0.07724398517976233,0.24085159934230757,0
05,380,583,127,0.029477057978510857,1.7566541459671232,0.4075045890777194,0.0944866206074543,0.2509956048425869,0
05,381,583,127,0.030455660074949265,1.9641342542105904,0.42866426050004836,0.11490982055950737,0.27178704052977787,0
05,382,583,127,0.0303427092730999,2.2022294923058285,0.4262219993780668,0.13834660539839247,0.28228430238822966,0
05,383,583,127,0.029278278350830078,2.297467587543924,0.40320650753621634,0.1477213193339465,0.2754639134350814,0
05,384,583,129,0.02808099426329136,1.1342542105900901,0.3773184188189481,0.03322099645695077,0.20526970763794944,0
05,385,583,129,0.029487797990441322,1.07472030372794,0.40773681331303185,0.02736080632081574,0.2175488098169238,0
05,386,583,129,0.027883639559149742,1.0798093622521112,0.3730511474647524,0.027861745233402416,0.2004564463490774,0
05,387,583,131,0.029026532545685768,1.0952380952380967,0.3977631730714833,0.02938046479378485,0.21357181893263408,0
05,388,583,131,0.028652798384428024,0.937073387455069,0.3896821643752064,0.01381160144703784,0.20174688291112214,0
05,389,583,131,0.02818170376121998,0.8112201623652013,0.3794959942533693,0.0014233026246516318,0.19045964843901045,0
05,390,583,131,0.029055213555693626,0.7210711256512774,0.39838332374358537,0.0,0.19919166187179269,0
05,391,583,131,0.02920462191104889,0.6547114180701958,0.40161388263833314,0.0,0.20080694131916657,0
05,392,583,131,0.029094945639371872,0.6852861585686014,0.39924242453502645,0.0,0.19962121226751323,0
05,393,583,133,0.028139576315879822,1.1821155943293333,0.37858510012744817,0.03793220765866019,0.20825865389305417,0
05,394,583,133,0.029320864006876945,0.9167979320651065,0.40412730925178136,0.011815797208000996,0.2079715532298912,0
05,395,583,134,0.02973213419318199,1.4644371743608375,0.41301993480376686,0.06572239019026445,0.23937116249701565,0
05,396,583,134,0.02897862158715725,1.122581687467184,0.39672722583237363,0.032072017522525226,0.21439962167744941,0
05,397,583,134,0.028729956597089767,0.8776606486530131,0.3913505058118318,0.007963338427868654,0.19965692211985023,0
05,398,583,137,0.028201479464769363,3.1787228886465524,0.3799235913234893,0.2344672410302371,0.3071954161768632,0
05,399,583,137,0.02826717123389244,2.6872248475301914,0.3813440013704887,0.186086878909051,0.28371544013976985,0
05,400,583,137,0.02864040806889534,2.275657336726038,0.389414256707274,0.1455744382800027,0.2674943474936383,0
05,401,583,138,0.027342261746525764,2.656609717678419,0.36134529002570337,0.18307329402221884,0.2722092920239611,0
05,402,583,138,0.026909062638878822,2.1991195120966114,0.35197850978722234,0.1380404760629227,0.24500949292507251,0
05,403,583,139,0.028025729581713676,2.5596752695989333,0.3761234668484799,0.1735316004491359,0.2748275336488079,0
05,404,583,139,0.028125833719968796,2.025647239387696,0.3782879529876398,0.12096482027275945,0.24962638663019962,0
05,405,583,139,0.027265364304184914,1.6837917524940398,0.359682587054729,0.08731444760501997,0.22349851732987447,0
05,406,583,139,0.028915714472532272,1.4371743608384813,0.3953670265435761,0.06303878887283478,0.22920290770820542,0
05,407,583,139,0.02833898924291134,1.2517872288864649,0.3828968750855323,0.044790299914313665,0.21384358749992297,0
05,408,583,139,0.02871401235461235,1.1939496748657037,0.391005753912027,0.03909708941570738,0.2150514216638672,0
05,409,583,139,0.028085600584745407,1.1684236035381053,0.3774180182871978,0.03658444344146215,0.20700123086432998,0
05,410,583,139,0.028543978929519653,1.1836907791106246,0.3873292326590388,0.03808726017922275,0.21270824641913078,0
05,411,583,139,0.027964575216174126,1.273759037117815,0.37480116610380815,0.046953083790879126,0.21087712494734365,0
05,412,583,141,0.030567655339837074,0.9915182357930438,0.4310858606728944,0.019170852670585794,0.22512835667174008,0
05,413,583,142,0.0315554216504097,1.0936225211034372,0.4524436838881017,0.02922143656756666,0.24083256022783417,0
05,414,583,142,0.029871705919504166,0.8469647400945132,0.41603780271920754,0.0049418021297261095,0.21048980242446683,0
05,415,583,142,0.030797502025961876,0.724463831334061,0.4360556848472063,0.0,0.21802784242360315,0
05,416,583,142,0.03067651204764843,0.7686497839169595,0.433439597884155,0.0,0.2167197989420775,0
05,417,583,142,0.03164641559123993,0.8774587018861837,0.45441118620226795,0.007943459899591682,0.2311773230509298,0
05,418,583,142,0.03191735967993736,1.0508905852417307,0.46026963256317954,0.025015139984099283,0.2426423862736394,0
05,419,583,142,0.030767256394028664,1.2294519164748172,0.43540170338119816,0.04259173468684919,0.23899671903402367,0
05,420,583,142,0.03148584067821503,1.4403247304010667,0.4509391801533929,0.06334889391396017,0.25714403703367655,0
05,421,583,142,0.031209830194711685,1.6784199684963046,0.4449711864598331,0.08678567875284525,0.26587843260633914,0
05,422,583,142,0.03198757395148277,1.868896158972495,0.4617878297144694,0.10553510662395332,0.28366146816921134,0
05,423,583,145,0.030744662508368492,0.9677289066602041,0.43491317060729257,0.016829162039525097,0.22587116632340884,0
05,424,583,145,0.02975744754076004,0.7908235389151425,0.41356726871946164,0.0,0.20678363435973082,0
05,425,583,145,0.031262028962373734,0.7040672078840021,0.4460998461841472,0.0,0.2230499230920736,0
05,426,583,145,0.031039243564009666,0.6819338422391846,0.4412827036047138,0.0,0.2206413518023569,0
05,427,583,145,0.031010430306196213,0.7244234419806928,0.44065969342503153,0.0,0.22032984671251576,0
05,428,583,145,0.031045518815517426,0.8315360071085265,0.44141838925312993,0.003423082569343558,0.22242073591123673,0
05,429,583,145,0.029561007395386696,1.003271537622683,0.40931977226979904,0.02032778301632226,0.21482377764306065,0
05,430,583,145,0.03037690930068493,1.2294519164748172,0.4269614841481971,0.04259173468684919,0.23477660941752315,0
05,431,583,145,0.03123774379491806,1.4879437780201141,0.4455747439330193,0.06803625088173718,0.25680549740737824,0
05,432,583,145,0.030725503340363503,1.7736580637344,0.4344989044809617,0.0961603926883993,0.2653296485846805,0
05,433,583,148,0.031038613989949226,1.0629670018982993,0.44126909073764203,0.02620387597507913,0.23373648335636057,0
05,434,583,148,0.029189450666308403,0.8792762227876733,0.40128584476170814,0.008122366654086909,0.20470410570789752,0
05,435,583,148,0.029909590259194374,0.7602084090633701,0.41685695095403574,0.0,0.20842847547701787,0
05,436,583,148,0.02976112999022007,0.7057635607253926,0.41364689190940485,0.0,0.20682344595470242,0
05,437,583,148,0.029462777078151703,0.7159416777737379,0.4071958025338172,0.0,0.2035979012669086,0
05,438,583,148,0.02937539480626583,0.7907427602084088,0.40530639296891746,0.0,0.20265319648445873,0
05,439,583,148,0.02982068434357643,0.9301668080294027,0.41493459663983223,0.01313175577995539,0.21403317620989382,0
05,440,583,148,0.029581688344478607,1.134213821236722,0.409766942870679,0.033217020751295165,0.2214919818109871,0
05,441,583,148,0.031124386936426163,1.392705682782019,0.4431237029145241,0.05866153694618316,0.2508926199303536,0
05,442,583,149,0.03045007959008217,0.9233813966638409,0.42854359733511665,0.012463837229839805,0.22050371728247822,0
05,443,583,149,0.029327822849154472,1.1155135506280562,0.4042777757351541,0.03137626903282141,0.21782702238398777,0
05,444,583,149,0.030045239254832268,1.249848539924876,0.4197900002361833,0.04459946604285209,0.2321947331395177,0
05,445,583,149,0.030431944876909256,1.4403247304010667,0.42815148232384337,0.06334889391396017,0.24575018811890176,0
05,446,583,149,0.02963387221097946,1.6308009208772571,0.41089528039695594,0.08209832178506825,0.2464968010910121,0
05,447,583,149,0.031391680240631104,1.8212771113534476,0.4489032107563215,0.10084774965617632,0.2748754802062489,0
05,448,583,149,0.0299396775662899,2.011753301829638,0.4175075090658987,0.11959717752728437,0.2685523432965915,0
05,449,583,149,0.030436459928750992,2.2022294923058285,0.42824910832911517,0.13834660539839247,0.2832978568637538,0
05,450,583,152,0.029203971847891808,0.9898218829516561,0.4015998267489603,0.019003873033057166,0.21030184989100872,0
05,451,583,152,0.030107751488685608,0.8945433983601954,0.421141661276995,0.009625183391847777,0.21538342233442137,0
05,452,583,152,0.028895944356918335,0.8961993618482176,0.39493955029772004,0.009788187323721047,0.20236386881072055,0
05,453,583,152,0.029167134314775467,0.9947897734157282,0.4008033129262454,0.019492884828677514,0.21014809887746144,0
05,454,583,152,0.030400056391954422,1.0287976089502815,0.4274619785242338,0.022840428990567485,0.22515120375740064,0
05,455,583,152,0.030551234260201454,1.0951169271779975,0.4307307984358992,0.029368537676818508,0.23004966805635885,0
05,456,583,152,0.032314252108335495,1.1937477280988735,0.468851377284021,0.03907721088743033,0.2539642940857257,0
05,457,583,152,0.03192665055394173,1.3246900117129126,0.4604705230393742,0.05196644862240324,0.2562184858308887,0
05,458,583,152,0.031109506264328957,1.4879437780201141,0.4428019478996245,0.06803625088173718,0.25541909939068086,0
05,459,583,152,0.030575599521398544,1.6784199684963046,0.43125763250147703,0.08678567875284525,0.2590216556271611,0
05,460,583,155,0.030962061136960983,1.0409144149602154,0.43961383859627795,0.024033140687202678,0.23182348964174032,0
05,461,583,155,0.031006425619125366,0.8520941879720499,0.4405731027025338,0.005446716747968151,0.22300990972525098,0
05,462,583,155,0.030938802286982536,0.7602084090633701,0.43911092773496224,0.0,0.21955546386748112,0
05,463,583,157,0.03001032955944538,1.9406276505513145,0.4190351707845313,0.1125959598680347,0.265815565326283,0
05,464,583,157,0.031096158549189568,1.5919867522920963,0.442513339007802,0.07827766865017961,0.2603955038289908,0
05,465,583,157,0.03073243238031864,1.284139100932993,0.43464872656826004,0.04797484014433007,0.24131178335629505,0
05,466,583,157,0.030968494713306427,1.0443071206429964,0.43975294759883937,0.024367099962260476,0.23206002378054993,0
05,467,583,157,0.030480248853564262,0.901409588432488,0.4291959275361842,0.010301053353274062,0.21974849044472913,0
05,468,583,158,0.03025941550731659,1.100448321822367,0.42442099289962404,0.029893330823337862,0.22715716186148094,0
05,469,583,160,0.03011353872716427,2.464437174360838,0.4212667949396928,0.16415688651358185,0.29271184072663736,0
05,470,583,161,0.03000037558376789,2.893008602932267,0.41881994249568116,0.20634309922357502,0.3125815208596281,0
05,471,583,161,0.03013753890991211,2.496748657054001,0.42178573515335926,0.16733745103794295,0.2945615930956511,0
05,472,583,161,0.02777492254972458,2.134496546710286,0.37070043086009047,0.13167934701420056,0.2511898889371455,0
05,473,583,161,0.028453238308429718,1.8351710489115056,0.3853672077115049,0.10221539240165138,0.24379130005657815,0
05,474,583,161,0.027859235182404518,1.5681570338058883,0.37252346762932687,0.0759320023134633,0.2242277349713951,0
05,475,583,161,0.02761496976017952,1.3402399127589955,0.36724187657926854,0.05349709529975183,0.2103694859395102,0
05,476,583,161,0.028283514082431793,1.1769457570984283,0.3816973720677886,0.03742331733476252,0.20956034470127555,0
05,477,583,163,0.02833445370197296,1.836867401752896,0.3827988060579593,0.10238237203918028,0.24259058904856978,0
05,478,583,163,0.027603033930063248,1.4184740902298156,0.3669837959514708,0.06119803715436104,0.21409091655291593,0
05,479,583,163,0.02659291960299015,1.091926168262044,0.34514275622997165,0.029054456930037498,0.18709860658000457,0
05,480,583,163,0.02860139310359955,0.8300012116805979,0.38857066169637317,0.0032720057544360797,0.19592133372540463,0
05,481,583,164,0.027363978326320648,0.9524617310876847,0.3618148533901688,0.0153263453017645,0.18857059934596665,0
05,482,583,164,0.028048641979694366,0.7568560927339574,0.3766188866054307,0.0,0.18830944330271535,0
05,483,583,164,0.026875866577029228,0.6581849024597104,0.3512607331098484,0.0,0.1756303665549242,0
05,484,583,164,0.027970891445875168,0.7499899026616565,0.3749377377968266,0.0,0.1874688688984133,0
05,485,583,164,0.027148393914103508,0.9064178682499284,0.35715341301221254,0.010794040854550048,0.1839737269333813,0
05,486,583,164,0.02795691229403019,1.132557857748697,0.3746354757631777,0.03305401681942161,0.20384474629129964,0
05,487,583,164,0.028411129489541054,1.4131426955854434,0.38445671633313033,0.06067324400784142,0.22256498017048587,0
05,488,583,164,0.03092273138463497,1.7260390161153523,0.43876343715184124,0.09147303572062228,0.2651182364362318,0
05,489,583,165,0.029424874112010002,1.1529140918453904,0.40637625155144247,0.03505777246976917,0.2207170120106058,0
05,490,583,165,0.02999839372932911,1.3280827173956962,0.4187770901567335,0.0523004078974613,0.2355387490270974,0
05,491,583,167,0.028412677347660065,0.7040672078840021,0.38449018465424456,0.0,0.19224509232712228,0
05,492,583,167,0.02826826646924019,0.6240962882184262,0.381367682926223,0.0,0.1906838414631115,0
05,493,583,167,0.027233894914388657,0.6342744052667716,0.3590021450749157,0.0,0.17950107253745784,0
05,494,583,167,0.026470055803656578,0.7090754877014425,0.3424861528637423,0.0,0.17124307643187114,0
05,495,583,168,0.027674252167344093,0.6071327598045164,0.36852370119551703,0.0,0.18426185059775851,0
05,496,583,168,0.02745562419295311,0.6053960176097606,0.36379645186846254,0.0,0.18189822593423127,0
05,497,583,168,0.02674519084393978,0.7005937234944876,0.34843521742261657,0.0,0.17421760871130829,0
05,498,583,168,0.029015693813562393,0.7890060180136529,0.39752881427417436,0.0,0.19876440713708718,0
05,499,583,168,0.02850651741027832,0.942041277919141,0.38651922679351614,0.014300613242658187,0.20040992001808716,0
05,500,583,168,0.027816960588097572,1.1546104446867809,0.3716093917977884,0.035224752107298064,0.20341707195254324,0
05,501,583,171,0.028213419020175934,1.4644371743608382,0.3801817525007964,0.0657223901902645,0.22295207134553044,0
05,502,583,171,0.02742752432823181,1.1634153237206677,0.3631888669198113,0.03609145594018645,0.19964016142999885,0
05,503,583,171,0.02695101872086525,0.9014903671392217,0.3528856986357156,0.010309004764585046,0.18159735170015034,0
05,504,583,171,0.026644788682460785,0.7092774344682753,0.34626428732271275,0.0,0.17313214366135637,0
05,505,583,171,0.029091039672493935,0.6139989498768118,0.3991579683745252,0.0,0.1995789841872626,0
05,506,583,171,0.02925126627087593,0.6156549133648368,0.40262244304428074,0.0,0.20131122152214037,0
05,507,583,171,0.028615951538085938,0.7176380306151283,0.3888854491787183,0.0,0.19444272458935916,0
05,508,583,173,0.029128069058060646,1.0749626398481342,0.39995863049696906,0.027384660554748003,0.21367164552585854,0
05,509,583,173,0.030380308628082275,0.7568964820873202,0.42703498557543357,0.0,0.21351749278771678,0
05,510,583,173,0.030499989166855812,0.5918655842319944,0.42962275938596584,0.0,0.21481137969298292,0
05,511,583,173,0.029130371287465096,0.5560806171493171,0.40000841009371657,0.0,0.20000420504685829,0
05,512,583,173,0.028896307572722435,0.6376671109495524,0.39494740387487676,0.0,0.19747370193743838,0
05,513,583,173,0.027178190648555756,0.8060099357809282,0.35779768826235003,0.000910436595098344,0.17935406242872418,0
05,514,583,173,0.028327995911240578,1.0355830203158458,0.38265917348358747,0.023508347540683323,0.2030837605121354,0
05,515,583,173,0.02840319089591503,1.2974675875439237,0.3842850653288116,0.049286823010629116,0.21678594416972036,0
05,516,583,173,0.028629902750253677,1.5355628256391618,0.3891871070910475,0.0727236078495142,0.23095535747028084,0
05,517,583,173,0.027946196496486664,1.7736580637344,0.3744037750996757,0.0961603926883993,0.23528208389403749,0
05,518,583,173,0.028646789491176605,2.011753301829638,0.3895522380167052,0.11959717752728437,0.25457470777199476,0
05,519,583,173,0.0284864641726017,2.249848539924876,0.3860856287849532,0.14303396236616947,0.26455979557556136,0
05,520,583,175,0.029536856338381767,1.071327598045155,0.40879756980100596,0.02702684704575755,0.21791220842338174,0
05,521,583,175,0.03019089810550213,1.2260592107920363,0.4229394860498204,0.04225777541179139,0.2325986307308059,0
05,522,583,175,0.028820859268307686,1.2906821761783593,0.3933160346630202,0.04861890446051328,0.22096746956176672,0
05,523,583,175,0.030579663813114166,1.387616624257845,0.43134551201612353,0.058160598033596196,0.24475305502485986,0
05,524,583,177,0.031258225440979004,0.901328809725757,0.44601760513515176,0.010293101941963352,0.22815535353855756,0
05,525,583,179,0.031102469190955162,2.0358657457894096,0.44264978987655645,0.12197067380358871,0.2823102318400726,0
05,526,583,179,0.030656367540359497,1.697402964578537,0.43300402641261426,0.08865426041090729,0.2608291434117608,0
05,527,583,179,0.029227351769804955,1.4235631487539868,0.4021053554693282,0.061698976066947714,0.23190216576813794,0
05,528,583,179,0.029795482754707336,1.2143462983157625,0.4143896792094165,0.04110482077171028,0.2277472499905634,0
05,529,583,179,0.029874209314584732,1.0578779433741252,0.41609193198945726,0.02570293706249217,0.2208974345259747,0
05,530,583,179,0.02846953272819519,0.9371137768084317,0.38571953126518393,0.013815577152692922,0.19976755420893844,0
05,531,583,181,0.03175371140241623,1.9440203562340952,0.4567311731691318,0.11292991914309247,0.28483054615611214,0
05,532,583,181,0.03252391517162323,1.6310836463508207,0.4733847842169446,0.08212615172465625,0.2777554679708004,0
05,533,583,181,0.03161674737930298,1.382769901853869,0.45376968991020133,0.057683513354941894,0.2557266016325716,0
05,534,583,181,0.030222799628973007,1.1990791227432431,0.42362927177271253,0.039602004033949686,0.23161563790333112,0
05,535,583,181,0.02907048910856247,1.08001130901894,0.3987136170064708,0.027881623761679335,0.21329762038407507,0
05,536,583,181,0.030120279639959335,1.032351872046527,0.4214125492767715,0.023190291088246967,0.22230142018250926,0
05,537,583,181,0.03141336888074875,1.071448766105254,0.44937216999946716,0.027038774162723867,0.23820547208109552,0
05,538,583,181,0.031133251264691353,1.153035259905487,0.4433153704719039,0.035069699586735247,0.23919253502931956,0
05,539,583,181,0.03137911111116409,1.299244719092045,0.44863143671194267,0.049461754059468725,0.2490465953857057,0
05,540,583,184,0.031187595799565315,1.382769901853872,0.4444904267135749,0.05768351335494218,0.25108697003425856,0
05,541,583,184,0.0330040268599987,1.0647037440930578,0.48376592442604277,0.026374831318263636,0.2550703778721532,0
05,542,583,186,0.031810205429792404,2.4168181267417905,0.4579527064776691,0.15946952954580484,0.308711118011737,0
05,543,583,186,0.0324014276266098,1.9253200856254296,0.47073631635115454,0.11108916742461873,0.29091274188788663,0
05,544,583,186,0.030878815799951553,1.4661335272022287,0.43781387926145604,0.0658893698277934,0.25185162454462473,0
05,545,583,186,0.029192747548222542,1.1344965467102857,0.4013571310774388,0.03324485069088317,0.217300990884161,0
05,546,583,186,0.029651038348674774,0.9422836140393367,0.41126645253581123,0.014324467476590592,0.21279546000620092,0
05,547,583,186,0.028812052682042122,0.847005129447876,0.39312561562303455,0.004945777835381203,0.19903569672920787,0
05,548,583,186,0.02913385070860386,0.84526838725312,0.4000836433354029,0.004774822492196948,0.20242923291379994,0
05,549,583,186,0.02838011085987091,0.908154610444687,0.38378602084394237,0.010964996197734566,0.19737550852083846,0
05,550,583,186,0.029001453891396523,1.0356637990225768,0.39722091377487445,0.023516298951994034,0.21036860636343424,0
05,551,583,187,0.03041883185505867,0.8180055737307631,0.42786794805110673,0.0020912211747672175,0.21497958461293698,0
05,552,583,187,0.028965575620532036,0.8571024677894903,0.3964451414508044,0.005939704249244127,0.20119242285002426,0
05,553,583,187,0.02914002165198326,0.9608223272345404,0.40021707359755865,0.01614931637244291,0.2081831949850008,0
05,554,583,187,0.02953244373202324,1.127468799224523,0.4087021589072399,0.032553077906834656,0.22062761840703726,0
05,555,583,187,0.028278592973947525,1.3264267539076684,0.3815909661660031,0.052137403965587484,0.21686418506579527,0
05,556,583,187,0.02914530038833618,1.5576961912839766,0.40033121225223706,0.07490229454870137,0.23761675340046923,0
05,557,583,187,0.03037257306277752,1.8212771113534476,0.4268677245193717,0.10084774965617632,0.26385773708777405,0
05,558,583,187,0.029181014746427536,2.106991397067733,0.40110344039789786,0.1289718914628384,0.26503766593036815,0
05,559,583,187,0.029224848374724388,2.392705682782019,0.40205122619907846,0.1570960332695005,0.27957362973428945,0
05,560,583,187,0.02891550585627556,2.678419968496305,0.3953625157710553,0.18522017507616265,0.29029134542360896,0
05,561,583,189,0.02936483360826969,1.384223918575064,0.4050780351100514,0.0578266387585384,0.2314523369342949,0
05,562,583,189,0.028949888423085213,1.4641544488872744,0.3961059474671413,0.06569456025067648,0.2309002538589089,0
05,563,583,190,0.029856882989406586,1.0866351629710427,0.4157172962217021,0.028533639489173774,0.22212546785543794,0
05,564,583,190,0.030158737674355507,1.0254049032675006,0.4222441021360319,0.022506469715509687,0.2223752859257708,0
05,565,583,190,0.029224364086985588,1.0287976089502815,0.40204075476286943,0.022840428990567485,0.21244059187671846,0
05,566,583,190,0.029147237539291382,1.0951169271779975,0.4003730979970731,0.029368537676818508,0.2148708178369458,0
05,567,583,190,0.030904293060302734,1.1937477280988735,0.43836475735556,0.03907721088743033,0.23872098412149517,0
05,568,583,191,0.029225170612335205,0.7346015590290408,0.40205819373163293,0.0,0.20102909686581646,0
05,569,583,191,0.03055097535252571,0.7873096651722624,0.4307252002450028,0.0,0.2153626001225014,0
05,570,583,193,0.029214920476078987,1.1361525101983108,0.4018365617567935,0.03340785462275672,0.21762220818977512,0
05,571,583,193,0.029397426173090935,0.9099317419928111,0.4057827627669187,0.011139927246574437,0.20846134500674657,0
05,572,583,194,0.0291586983948946,1.4168181267417905,0.40062090856243515,0.06103503322248748,0.23082797089246132,0
05,573,583,195,0.02935967966914177,2.0358657457894096,0.40496659486393466,0.12197067380358871,0.26346863433376166,0
05,574,583,195,0.029709607362747192,1.6872248475301914,0.4125328519210287,0.08765238258573364,0.25009261725338117,0
05,575,583,195,0.029157474637031555,1.3725917848055238,0.40059444804863004,0.05668163552976826,0.22863804178919914,0
05,576,583,195,0.03133464232087135,1.1242780403085721,0.4476699172194264,0.032238997160053906,0.23995445718974015,0
05,577,583,196,0.031070798635482788,1.500141362736782,0.441964998223241,0.06923691398968337,0.25560095610646216,0
05,578,583,196,0.031619276851415634,1.173593440769013,0.45382438302701616,0.03709333376536009,0.24545885839618814,0
05,579,583,196,0.030798355117440224,0.9456763197221202,0.4360741306848361,0.014658426751648641,0.22536627871824236,0
05,580,583,196,0.032011792063713074,0.8129972939133226,0.46231148207442985,0.0015982336734912306,0.23195485787396053,0
05,581,583,196,0.03216829150915146,0.750030292015022,0.46569536696013053,0.0,0.23284768348006527,0
05,582,583,196,0.03129958361387253,0.8469243507411423,0.4469118657874024,0.004937826424070218,0.2259248461057363,0
06,35,604,11,0.04047304764389992,0.3672200008077881,0.6452636630974438,0.0,0.3226318315487219,1
06,36,604,12,0.040712080895900726,0.34702532412455933,0.6504321223616899,0.0,0.32521606118084495,1
06,37,604,13,0.04155504330992699,0.9406276505513137,0.6686589458756446,0.014161463544717244,0.3414102047101809,1
06,38,604,13,0.04150150343775749,0.5919867522920955,0.6675012883279823,0.0,0.33375064416399114,1
06,39,604,13,0.041509922593832016,0.3112807463952502,0.6676833302190007,0.0,0.33384166510950036,1
06,40,604,20,0.04123265668749809,6.5120562219798845,0.6616881913408067,0.5625822287746283,0.6121352100577175,1
06,41,604,20,0.041549134999513626,5.877701038006381,0.6685311943538944,0.5001397957501111,0.5843354950520028,1
06,42,604,20,0.04246030002832413,5.323276384345086,0.6882327182841168,0.4455652842177319,0.5668990012509243,1
06,43,604,20,0.042431920766830444,4.801163213376953,0.687619092122268,0.3941713372097136,0.5408952146659908,1
06,44,604,20,0.04114711657166481,4.311361525101982,0.6598386135082559,0.34595795472605634,0.5028982841171561,1
06,45,604,20,0.04200810566544533,3.9014903671392225,0.6784552160977141,0.30561249373453725,0.49203385491612567,1
06,46,604,20,0.043438076972961426,3.523930691869624,0.7093745479901357,0.268447597267379,0.4889110726287573,1
06,47,604,20,0.041142284870147705,3.178682499293186,0.6597341407946936,0.23446326532458173,0.44709870305963767,1
06,48,604,20,0.04456562548875809,2.9133648370289595,0.7337547901680591,0.20834685487392252,0.47105082252099084,1
06,49,604,20,0.04324159398674965,2.680358657457894,0.7051261252211162,0.18541100894762425,0.44526856708437024,1
06,50,604,20,0.04455181956291199,2.4796639605799915,0.7334562736865926,0.16565572754568705,0.4495560006161398,1
06,51,604,20,0.04511483386158943,2.358899794014298,0.7456299626756572,0.1537683676358878,0.44969916515577246,1
06,52,604,20,0.04621139541268349,2.270447110141767,0.7693401940352217,0.14506157225044963,0.4572008831428357,1
06,53,604,20,0.04473765194416046,2.2143059089623978,0.7374744054085229,0.13953534138937237,0.43850487339894767,1
06,54,604,20,0.042995091527700424,2.2380952380952386,0.6997961641907231,0.14187703202043317,0.42083659810557816,1
06,55,604,20,0.04542414844036102,2.2941960499212413,0.7523180689823605,0.14739928717585496,0.44985867807910773,1
06,56,604,20,0.046970173716545105,2.3826083444404067,0.7857467597380108,0.1561021068556378,0.4709244332968243,1
06,57,604,20,0.046784065663814545,2.550951169271781,0.7817226673523923,0.17267284802755858,0.4771977576899754,1
06,58,604,20,0.045467473566532135,2.799224524415364,0.7532548597755218,0.19711151069161725,0.4751831852335695,1
06,59,604,22,0.04419872164726257,1.8332323599499156,0.7258214689970841,0.1020245585301897,0.4139230137636369,1
06,60,604,22,0.043414220213890076,1.8927258774587017,0.7088587089325773,0.10788077296066952,0.4083697409466234,1
06,61,604,22,0.04375112056732178,1.8621107476069307,0.7161432843556487,0.10486718807383749,0.4105052362147431,1
06,62,604,22,0.04298204928636551,1.8638071004483212,0.6995141603586631,0.10503416771136638,0.40227416403501476,1
06,63,604,22,0.04267798736691475,1.8978149359828744,0.692939628860073,0.10838171187325635,0.40066067036666464,1
06,64,604,22,0.04598018899559975,1.9641342542105904,0.7643409692900152,0.11490982055950737,0.43962539492476127,1
06,65,604,22,0.04537056013941765,2.0593723494486857,0.7511593642910774,0.12428453449506141,0.4377219493930694,1
06,66,604,25,0.044427406042814255,1.2380952380952381,0.7307661617244945,0.043442535697115765,0.3871043487108051,1
06,67,604,25,0.04333781078457832,1.0323114826931628,0.7072065579473212,0.02318631538259173,0.3651964366649565,1
06,68,604,25,0.04155028983950615,0.8639282685084216,0.6685561647017775,0.006611598505015472,0.3375838816033965,1
06,69,604,25,0.04415420442819595,0.7601680197100047,0.724858902360947,0.0,0.3624294511804735,1
06,70,604,26,0.04393470287322998,0.8657054000565443,0.7201127641739616,0.0067865295538552025,0.3634496468639084,1
06,71,604,26,0.04225516691803932,0.6854073266287019,0.6837972595545022,0.0,0.3418986297772511,1
06,72,604,26,0.04222336411476135,0.6020437012803438,0.6831096083936066,0.0,0.3415548041968033,1
06,73,604,26,0.04499024897813797,0.6139181711700795,0.7429361454361312,0.0,0.3714680727180656,1
06,74,604,27,0.04327315464615822,0.6633547396906168,0.7058085406639073,0.0,0.35290427033195365,1
06,75,604,27,0.04230145364999771,0.5697726079405478,0.684798087207557,0.0,0.3423990436037785,1
06,76,604,27,0.04342910274863243,0.6020437012803438,0.7091805042222316,0.0,0.3545902521111158,1
06,77,604,27,0.042142756283283234,0.7295528898582336,0.6813666781113692,0.0,0.3406833390556846,1
06,78,604,27,0.04206753894686699,0.9216850438224491,0.6797403029690893,0.012296857592310775,0.34601858028070004,1
06,79,604,27,0.04093814641237259,1.1784401631729888,0.6553201887840622,0.03757041844401439,0.3464453036140383,1
06,80,604,27,0.0429256334900856,1.392705682782019,0.6982943185898212,0.05866153694618316,0.37847792776800215,1
06,81,604,23,0.04347804933786392,5.440324730401066,0.7102388442249267,0.4570868792072296,0.5836628617160782,1
06,82,604,23,0.04352766275405884,5.487943778020115,0.7113116025897864,0.4617742361750067,0.5865429193823966,1
06,83,604,25,0.041406773030757904,3.914818853750151,0.665452994855988,0.30692447660083605,0.48618873572841204,1
06,84,604,26,0.042098693549633026,3.2940748818611416,0.6804139385153667,0.24582185638220594,0.4631178974487863,1
06,85,604,26,0.04430074244737625,3.3876166242578463,0.7280273978587789,0.2550295906802311,0.491528494269505,1
06,86,604,26,0.04211905971169472,3.4828547194959403,0.6808543026827107,0.264404304615785,0.4726293036492479,1
06,87,604,26,0.04656238853931427,3.4658508017286636,0.7769294882519755,0.26273053253483997,0.5198300103934077,1
06,88,604,26,0.0448283813893795,3.448846883961388,0.7394361887075289,0.2610567604538951,0.500246474580712,1
06,89,604,27,0.04550807550549507,2.7634799466860533,0.7541327688773845,0.1935930111865429,0.4738628900319637,1
06,90,604,27,0.045894794166088104,2.731168463992892,0.762494532888327,0.19041244666218196,0.4764534897752545,1
06,91,604,27,0.046102870255708694,2.683549416373844,0.7669936257302887,0.18572508969440493,0.47635935771234683,1
06,92,604,27,0.04424554482102394,2.6665454986065678,0.7268338957794781,0.18405131761345997,0.455442606696469,1
06,93,604,27,0.044535085558891296,2.6563269922048556,0.7330944452908162,0.18304546408263084,0.4580699546867235,1
06,94,604,27,0.04420880973339081,2.678419968496305,0.726039597068269,0.18522017507616265,0.45562988607221583,1
06,95,604,27,0.04348306730389595,2.678419968496305,0.710347344413954,0.18522017507616265,0.4477837597450583,1
06,96,604,27,0.046946827322244644,2.678419968496305,0.7852419559632264,0.18522017507616265,0.4852310655196945,1
06,97,604,29,0.04649928957223892,1.3825679550870378,0.7755651406634491,0.057663634826664735,0.4166143877450569,1
06,98,604,29,0.04392855241894722,1.255018377155781,0.719979776934107,0.04510835636674976,0.3825440666504284,1
06,99,604,29,0.04388491436839104,1.1699583989660325,0.7190362199821647,0.0367355202563695,0.3778858701192671,1
06,100,604,29,0.04694155603647232,1.1495213861626068,0.7851279784075668,0.03472381319471111,0.4099258958011389,1
06,101,604,29,0.046468742191791534,1.18352922169716,0.7749046346871875,0.03807135735660107,0.4064879960218943,1
06,102,604,29,0.04372021183371544,1.4403247304010667,0.715474965076985,0.06334889391396017,0.3894119294954726,1
06,103,604,29,0.043227341026067734,1.7260390161153523,0.7048179427985336,0.09147303572062228,0.39814548925957793,1
06,104,604,29,0.045544758439064026,1.9165152065915427,0.7549259398954633,0.11022246359173034,0.43257420174359684,1
06,105,604,29,0.04320276156067848,2.0593723494486857,0.7042864771361711,0.12428453449506141,0.41428550581561624,1
06,106,604,29,0.045722849667072296,2.2022294923058285,0.7587766897370678,0.13834660539839247,0.44856164756773015,1
06,107,604,36,0.04600315913558006,4.321580031503695,0.7648376375643601,0.3469638082568855,0.5559007229106228,1
06,108,604,41,0.04361842945218086,8.60729431721798,0.7132741913838854,0.768825935356817,0.7410500633703512,1
06,109,604,24,0.04232320934534073,8.297467587543926,0.68526849634187,0.7383282972738509,0.7117983968078605,1
06,110,604,41,0.04308917745947838,8.100488711175734,0.7018305225976085,0.718938780792215,0.7103846516949117,1
06,111,604,41,0.042779646813869476,7.49844500989539,0.6951377444193656,0.6596769122920585,0.677407328355712,1
06,112,604,41,0.041764698922634125,6.928712791308212,0.6731921917095495,0.6035956083162635,0.6383939000129064,1
06,113,604,41,0.041174087673425674,6.391292055414193,0.6604217919555893,0.5506948688648292,0.6055583304102092,1
06,114,604,41,0.041556086391210556,5.8861828022133365,0.6686814997382485,0.5009746939377558,0.5848280968380022,1
06,115,604,41,0.04443679377436638,5.4133850317056424,0.7309691464879309,0.45443508353504364,0.5927021150114873,1
06,116,604,41,0.04215284809470177,4.972898743891111,0.6815848867320634,0.41107603765669243,0.5463304621943779,1
06,117,604,41,0.04125593602657318,4.564723938769741,0.6621915452244236,0.3708975563027021,0.5165445507635629,1
06,118,604,42,0.04294352978467941,4.4728785492144265,0.6986812784324993,0.3618568016422059,0.5302690400373526,1
06,119,604,41,0.04291975870728493,4.083404014701726,0.6981672920136548,0.3235190720066897,0.5108431820101722,1
06,120,604,41,0.0441533625125885,3.8674017528979383,0.7248406981718452,0.3022569981613366,0.5135488481665909,1
06,121,604,41,0.043709609657526016,3.683710973787311,0.7152457211735167,0.28417548884034416,0.49971060500693043,1
06,122,604,41,0.043547373265028,3.540813441576801,0.7117377900434937,0.27010944223135763,0.49092361613742563,1
06,123,604,41,0.0421430729329586,3.454057110545662,0.6813735248196597,0.2615696264834485,0.4714715756515541,1
06,124,604,41,0.04390048608183861,3.3996122622076834,0.7193729169310394,0.25621037525990015,0.48779164609546977,1
06,125,604,52,0.044439952820539474,9.226341936265598,0.7310374524718175,0.8297615759379182,0.7803995142048679,1
06,126,604,52,0.04257526993751526,8.163415323720667,0.690718637240139,0.725132930203408,0.7079257837217735,1
06,127,604,52,0.042306963354349136,7.1328001938688965,0.684917219931812,0.6236848489932586,0.6543010344625353,1
06,128,604,53,0.041493114084005356,7.228038289106989,0.6673198908330383,0.6330595629288124,0.6501897268809254,1
06,129,604,53,0.04041023552417755,6.722929035906134,0.6439055178211334,0.5833393880017392,0.6136224529114362,1
06,130,604,53,0.041528839617967606,5.472918938567794,0.668092360627227,0.46029527367117884,0.5641938171492029,1
06,131,604,53,0.04137697443366051,5.095359263298195,0.6648086793310958,0.4231303772040206,0.5439695282675582,1
06,132,604,53,0.042841486632823944,4.750111070721758,0.6964748662737487,0.38914604526122326,0.542810455767486,1
06,133,604,53,0.0412009060382843,4.437174360838483,0.6610016678730413,0.35834227784278705,0.5096719728579142,1
06,134,604,53,0.040356747806072235,4.1565491336483715,0.6427489879666013,0.3307190749487119,0.4867340314576566,1
06,135,604,53,0.04204258695244789,3.908235389151421,0.6792007823557966,0.3062764365789977,0.49273860946739717,1
06,136,604,53,0.041868723928928375,3.6922331273476323,0.6754414562072478,0.28501436273364444,0.48022790947044613,1
06,137,604,55,0.04294101893901825,3.5952986792681454,0.698626988063231,0.27547266916056135,0.48704982861189616,1
06,138,604,55,0.04343004897236824,3.190516579829558,0.7092009637975938,0.23562814708162905,0.4724145554396114,1
06,139,604,53,0.043126847594976425,3.4761904761904767,0.7026450392356519,0.26374831318263564,0.48319667620914375,1
06,140,604,53,0.042792778462171555,3.3894341451593366,0.6954216814396488,0.25520849743472634,0.4753150894371876,1
06,141,604,53,0.04419354349374771,3.334989296821359,0.7257095051791569,0.2498492462111781,0.4877793756951675,1
06,142,604,54,0.04472874477505684,2.7397310069065797,0.7372818115317862,0.1912552962611376,0.4642685538964619,1
06,143,604,54,0.045603688806295395,2.639363463790945,0.7562001525830829,0.1813756677073413,0.4687879101452121,1
06,144,604,54,0.04477829486131668,2.6036188860616343,0.738353200554988,0.1778571682022669,0.45810518437862746,1
06,145,604,54,0.04407191649079323,2.630800920877258,0.7230796442500153,0.1805328181083857,0.4518062311792005,1
06,146,604,54,0.046493202447891235,2.726039016115353,0.7754335227652526,0.18990753204393973,0.48267052740459615,1
06,147,604,54,0.04593438282608986,2.821277111353448,0.76335053252366,0.19928224597949376,0.4813163892515769,1
06,148,604,54,0.0477721206843853,2.9165152065915434,0.8030867331545704,0.20865695991504776,0.5058718465348091,1
06,149,604,56,0.04773629456758499,1.554303485601195,0.8023120885236305,0.07456833527364351,0.43844021189863697,1
06,150,604,56,0.048168331384658813,1.5117734965063214,0.8116537373152098,0.07038191721845344,0.44101782726683164,1
06,151,604,56,0.049592867493629456,1.528777414273598,0.8424555474735624,0.07205568929939841,0.45725561838648043,1
06,152,604,56,0.047143448144197464,1.578092814734036,0.7894933590640901,0.07691002590470433,0.4332016924843972,1
06,153,604,56,0.045386798679828644,1.659719697887637,0.7515104796021169,0.08494492703437131,0.4182277033182441,1
06,154,604,56,0.04623451456427574,1.7736580637344006,0.7698400842899386,0.09616039268839936,0.43300023848916896,1
06,155,604,56,0.044623129069805145,1.9165152065915434,0.7349981523936168,0.11022246359173041,0.4226103079926736,1
06,156,604,56,0.049062568694353104,2.059372349448686,0.8309892442751722,0.12428453449506145,0.47763688938511684,1
06,157,604,58,0.04661200940608978,0.9386889615897237,0.7780024077158539,0.013970629673255559,0.39598651869455476,1
06,158,604,58,0.04735993221402168,0.8332323599499176,0.7941742521485423,0.003590062206872523,0.3988821571777074,1
06,159,604,58,0.0453048013150692,0.7923987236964345,0.7497375043529106,0.0,0.3748687521764553,1
06,160,604,58,0.04617222771048546,0.9114261480673694,0.7684932964944395,0.01128702835582609,0.3898901624251328,1
06,161,604,58,0.04607193171977997,1.0882911264590656,0.7663246620555507,0.028696643421047108,0.3975106527382989,1
06,162,604,58,0.04564056172966957,1.2974675875439243,0.7569974316261361,0.04928682301062918,0.4031421273183826,1
06,163,604,58,0.04577871784567833,1.4879437780201148,0.7599846907280426,0.06803625088173725,0.41401047080488995,1
06,164,604,58,0.044631194323301315,1.6784199684963053,0.7351725420812516,0.08678567875284532,0.4109791104170485,1
06,165,604,58,0.04548845440149307,1.8688961589724957,0.7537085146119004,0.10553510662395339,0.42962181061792687,1
06,166,604,60,0.046044494956731796,0.7056827820186596,0.7657314149195549,0.0,0.38286570745977744,1
06,167,604,60,0.04722374677658081,0.7753948059291579,0.7912296037370555,0.0,0.39561480186852777,1
06,168,604,60,0.04654555767774582,0.909729795225979,0.7765655655689573,0.011120048718297191,0.39384280714362724,1
06,169,604,60,0.04730640724301338,1.1019023385435598,0.7930169167989173,0.030036456226934148,0.41152668651292573,1
06,170,604,60,0.04633669927716255,1.2311482693162084,0.7720495573300425,0.04275871432437815,0.40740413582721036,1
06,171,604,60,0.047085583209991455,1.3927056827820197,0.7882421835361304,0.05866153694618322,0.42345186024115683,1
06,172,604,60,0.046901408582925797,1.5831818732582101,0.7842598963458387,0.07741096481729129,0.430835430581565,1
06,173,604,60,0.04564094543457031,1.7736580637344006,0.757005728225594,0.09616039268839936,0.4265830604569967,1
06,174,604,64,0.04629881680011749,1.8453895553132185,0.771230449369969,0.10322124593248058,0.4372258476512248,1
06,175,604,64,0.04789417237043381,1.5069267741023455,0.8057257767277722,0.06990483253979914,0.4378153046337857,1
06,176,604,66,0.04901617020368576,2.9882466981703626,0.8299860001368383,0.2157178131591291,0.5228519066479838,1
06,177,604,66,0.047992005944252014,2.5443677046730477,0.8078411679410136,0.17202480800571987,0.4899329879733667,1
06,178,604,66,0.04928182438015938,2.2280382891069914,0.8357300661945437,0.14088708131222577,0.48830857375338477,1
06,179,604,66,0.047521334141492844,1.9440203562340959,0.7976641401884821,0.11292991914309254,0.45529702966578733,1
06,180,604,66,0.05191364884376526,1.6957066117371458,0.8926362807773901,0.08848728077337834,0.4905617807753842,1
06,181,604,70,0.05069055035710335,4.797770507694172,0.8661900242354263,0.3938373779346558,0.6300137010850411,1
06,182,604,70,0.0497109517455101,4.258653418958763,0.8450088058193597,0.34076965884569255,0.5928892323325261,1
06,183,604,70,0.04886338859796524,3.751847812916515,0.8266825036614193,0.2908825042810903,0.5587825039712548,1
06,184,604,70,0.04965771734714508,3.277353689567429,0.84385775333146,0.24417591424084906,0.5440168337861545,1
06,185,604,70,0.04909802973270416,2.8351710489115063,0.8317559950542006,0.20064988872496883,0.5162029418895847,1
06,186,604,70,0.04951871931552887,2.425299890948745,0.8408522900404516,0.16030442773344955,0.5005783588869506,1
06,187,604,70,0.05003667250275612,2.142978310917241,0.8520516521650211,0.13251424520184535,0.49228294868343325,1
06,188,604,70,0.05003773793578148,1.8997536249444638,0.8520746893246809,0.10857254574471796,0.48032361753469943,1
06,189,604,70,0.05032435804605484,1.7211519043580104,0.8582720880207276,0.09099197533631256,0.4746320316785201,1
06,190,604,70,0.04939468577504158,1.6071731491578813,0.838170394128302,0.07977253397662917,0.4589714640524656,1
06,191,604,70,0.05073701590299606,1.5578173593440763,0.8671947182649274,0.07491422166566775,0.4710544699652976,1
06,192,604,70,0.04973851516842842,1.583262651964941,0.8456047916386716,0.077418916228602,0.4615118539336368,1
06,193,604,70,0.05159836262464523,1.6988569812997283,0.8858190536072785,0.08879738581450346,0.487308219710891,1
06,194,604,70,0.052841681987047195,1.8688961589724944,0.9127025328857237,0.10553510662395325,0.5091188197548384,1
06,195,604,70,0.054183028638362885,2.15461044468678,0.941705591951894,0.13365924843061538,0.5376824201912547,1
06,196,604,70,0.05518496409058571,2.440324730401066,0.9633697852257245,0.16178339023727747,0.562576587731501,1
06,197,604,70,0.05533015355467796,2.6308009208772565,0.9665091218011899,0.18053281810838556,0.5735209699547877,1
06,198,604,70,0.05483672022819519,2.8212771113534467,0.9558399365468342,0.1992822459794936,0.5775610912631639,1
06,199,604,70,0.05540597811341286,3.0117533018296374,0.9681486265134858,0.21803167385060168,0.5930901501820437,1
06,200,604,70,0.055227138102054596,3.2022294923058277,0.9642816862205119,0.23678110172170977,0.6005313939711109,1
06,201,604,70,0.053910549730062485,3.3927056827820183,0.9358139591931507,0.25553052959281786,0.5956722443929843,1
06,202,604,70,0.052100569009780884,3.3927056827820183,0.896677932956036,0.25553052959281786,0.5761042312744269,1
06,203,604,70,0.05317988246679306,3.3927056827820183,0.9200152200875408,0.25553052959281786,0.5877728748401794,1
06,204,604,70,0.051974207162857056,3.3927056827820183,0.8939456936005739,0.25553052959281786,0.5747381115966959,1
06,205,604,72,0.05242485925555229,1.955652490003637,0.9036898482901263,0.11407492237186276,0.5088823853309945,1
06,206,604,72,0.05163200572133064,1.892725877458703,0.8865464962257684,0.10788077296066964,0.49721363459321904,1
06,207,604,72,0.0509040392935276,1.862110747606932,0.8708061555144012,0.10486718807383762,0.48783667179411944,1
06,208,604,73,0.05333089455962181,1.3740458015267187,0.9232804555460422,0.05682476093336476,0.4900526082397035,1
06,209,604,73,0.053065188229084015,1.2975079768972906,0.9175352617952067,0.04929079871628461,0.48341303025574567,1
06,210,604,73,0.05147481709718704,1.2855931176541866,0.8831477096808472,0.048117965547926446,0.46563283761438684,1
06,211,604,74,0.05493014678359032,0.9319035502241626,0.9578600376905734,0.013302711123140038,0.4855813744068567,1
06,212,604,74,0.05338047072291374,0.8434508663516305,0.9243524084158091,0.004595915737701721,0.4644741620767554,1
06,213,604,74,0.051185667514801025,0.8519326305585854,0.8768956178679856,0.0054308139253464675,0.44116321589666607,1
06,214,604,75,0.05164776369929314,0.6292257360959658,0.8868872206501082,0.0,0.4434436103250541,1
06,215,604,76,0.053540460765361786,0.9252393069186973,0.9278117681917241,0.012646719689990519,0.4702292439408573,1
06,216,604,76,0.055035922676324844,0.671836503897573,0.9601471604576428,0.0,0.4800735802288214,1
06,217,604,76,0.05289749056100845,0.4677087119835213,0.9139092450845497,0.0,0.45695462254227487,1
06,218,604,76,0.05537686496973038,0.42344198069388905,0.9675191320983048,0.0,0.4837595660491524,1
06,219,604,76,0.05598956719040871,0.5084211801769053,0.9807671904424151,0.0,0.49038359522120756,1
06,220,604,76,0.05274447798728943,0.7073791348600507,0.910600754539554,0.0,0.455300377269777,1
06,221,604,76,0.05114730820059776,0.9386485722363589,0.8760661995707217,0.01396665396760027,0.445016426769161,1
06,222,604,76,0.05180201306939125,1.2022294923058285,0.8902224536321915,0.039912109075075086,0.4650672813536333,1
06,223,604,76,0.050740066915750504,1.4879437780201141,0.8672606883130444,0.06803625088173718,0.46764846959739076,1
06,224,604,76,0.049995411187410355,1.7736580637344,0.8511594858000122,0.0961603926883993,0.47365993924420574,1
06,225,604,76,0.05301566794514656,2.0593723494486857,0.9164645171680794,0.12428453449506141,0.5203745258315704,1
06,226,604,76,0.05519173666834831,2.249848539924876,0.9635162242336323,0.14303396236616947,0.5532750932999009,1
06,227,604,76,0.05308391526341438,2.4403247304010667,0.9179401841784588,0.16178339023727756,0.5398617872078681,1
06,228,604,77,0.0547892265021801,1.7719617108930095,0.9548130108527662,0.0959934130508704,0.5254032119518183,1
06,229,604,77,0.054158929735422134,1.8995112888242662,0.9411845171762311,0.10854869151078538,0.5248666043435082,1
06,230,604,77,0.05225368216633797,2.0593723494486857,0.8999885983377829,0.12428453449506141,0.5121365664164221,1
06,231,604,77,0.05497485026717186,2.249848539924876,0.9588266318021756,0.14303396236616947,0.5509302970841725,1
06,232,604,77,0.05806026980280876,2.392705682782019,1.0255406351869216,0.1570960332695005,0.5913183342282111,1
06,233,604,77,0.05644674226641655,2.535562825639162,0.9906523873227521,0.1711581041728316,0.5809052457477918,1
06,234,604,77,0.05860963463783264,2.678419968496305,1.03741919077391,0.18522017507616265,0.6113196829250364,1
06,235,604,77,0.056154076009988785,2.7736580637343997,0.9843242567731112,0.19459488901171665,0.5894595728924139,1
06,236,604,77,0.05738916993141174,2.8212771113534476,1.0110298827350217,0.19928224597949368,0.6051560643572577,1
06,237,604,76,0.056530315428972244,3.8212771113534476,0.9924594350143924,0.29771674230281103,0.6450880886586017,1
06,238,604,76,0.05838506668806076,3.8212771113534476,1.0325635052542765,0.29771674230281103,0.6651401237785438,1
06,239,604,76,0.05814771354198456,3.8212771113534476,1.0274313738187248,0.29771674230281103,0.662574058060768,1
06,240,604,76,0.05886853113770485,3.8212771113534476,1.043017140021745,0.29771674230281103,0.670366941162278,1
06,241,604,76,0.05934290960431099,3.8212771113534476,1.0532743145360302,0.29771674230281103,0.6754955284194206,1
06,242,604,108,0.05913331359624863,26.65491336483703,1.048742357494274,2.545334226144307,1.7970382918192904,1
06,243,604,108,0.05919555574655533,25.163415323720663,1.0500881786956615,2.398519367699803,1.7243037731977322,1
06,244,604,108,0.06041819974780083,23.70422876529747,1.0765246081974906,2.254885073779661,1.6657048409885757,1
06,245,604,108,0.0602903850376606,22.277353689567427,1.0737609545334015,2.114431344383879,1.59409614945864,1
06,246,604,108,0.06022297963500023,20.882790096530556,1.072303491712124,1.9771581795124586,1.5247308356122913,1
06,247,604,107,0.06126539409160614,19.044347509996363,1.0948429359540104,1.7961920094876285,1.4455174727208195,1
06,248,604,107,0.061197470873594284,17.762025929964857,1.09337427675094,1.6699673306327067,1.3816708036918235,1
06,249,604,107,0.06204526126384735,16.559634880245564,1.1117054924289478,1.5516105732699235,1.3316580328494356,1
06,250,604,107,0.06279832124710083,15.389555313219432,1.127988414634961,1.436434380431501,1.282211397533231,1
06,251,604,107,0.061862844973802567,14.251787228886464,1.1077612246070456,1.3244387521174394,1.2160999883622425,1
06,252,604,107,0.06316862255334854,13.146330627246657,1.1359951969584177,1.215623688327739,1.1758094426430783,1
06,253,604,107,0.06363631784915924,12.07318550830001,1.1461078656530184,1.1099891890623994,1.1280485273577088,1
06,254,604,107,0.06601793318986893,11.032351872046528,1.1976039724437182,1.0075352543214209,1.1025696133825695,1
06,255,604,107,0.06664743274450302,10.023829718486205,1.211215228525263,0.9082618841048031,1.059738556315033,1
06,256,604,107,0.06755998730659485,9.047619047619047,1.2309467974224544,0.8121690784125467,1.0215579379175006,1
06,257,604,107,0.06690161675214767,8.10371985944505,1.216711282643833,0.7192568372446511,0.9679840599442421,1
06,258,604,107,0.06689926236867905,7.144513106345168,1.2166603753539553,0.6248378036333395,0.9207490894936474,1
06,259,604,107,0.06602112203836441,6.217617835938445,1.197672922823679,0.5335993345463886,0.8656361286850338,1
06,260,604,107,0.06805097311735153,5.323034048224888,1.2415630616491997,0.4455414299837992,0.8435522458164995,1
06,261,604,107,0.0670999214053154,4.460761743204491,1.2209990941229003,0.3606640899455705,0.7908315920342354,1
06,262,604,107,0.06645405292510986,3.630800920877257,1.2070339034974904,0.278967314431703,0.7430006089645966,1
06,263,604,107,0.0674901232123375,3.5831818732582095,1.2294361719250386,0.27427995746392597,0.7518580646944824,1
06,264,604,107,0.06720197945833206,3.535562825639162,1.223205828479688,0.26959260049614897,0.7463992144879186,1
06,265,604,107,0.06691426783800125,3.487943778020114,1.2169848287774165,0.26490524352837197,0.7409450361528942,1
06,266,604,107,0.06688977777957916,3.4403247304010667,1.216455296303277,0.26021788656059497,0.738336591431936,1
06,267,604,107,0.06749802082777023,3.392705682782019,1.229606936884755,0.25553052959281786,0.7425687332387865,1
06,268,604,107,0.06770320981740952,3.392705682782019,1.234043603857009,0.25553052959281786,0.7447870667249135,1
06,269,604,107,0.06931004673242569,3.392705682782019,1.2687871848024754,0.25553052959281786,0.7621588571976466,1
06,270,604,107,0.07066138833761215,3.392705682782019,1.298006358202098,0.25553052959281786,0.7767684438974579,1
06,271,604,107,0.06997232884168625,3.392705682782019,1.283107276565862,0.25553052959281786,0.7693189030793399,1
06,272,604,107,0.06812290102243423,3.392705682782019,1.2431183115747677,0.25553052959281786,0.7493244205837928,1
06,273,604,107,0.07107977569103241,3.392705682782019,1.3070528735916016,0.25553052959281786,0.7812917015922097,1
06,274,604,107,0.06899991631507874,3.392705682782019,1.2620814381532353,0.25553052959281786,0.7588059838730266,1
06,275,604,107,0.0725548267364502,3.392705682782019,1.3389469350960645,0.25553052959281786,0.7972387323444412,1
06,276,604,107,0.07094959914684296,3.392705682782019,1.3042381515386159,0.25553052959281786,0.7798843405657169,1
06,277,604,107,0.07179387658834457,3.392705682782019,1.3224934090293534,0.25553052959281786,0.7890119693110856,1
06,278,604,107,0.06990522146224976,3.392705682782019,1.2816562577053283,0.25553052959281786,0.7685933936490731,1
06,279,604,107,0.07234355062246323,3.392705682782019,1.334378650225614,0.25553052959281786,0.794954589909216,1
06,280,604,107,0.07331448048353195,3.392705682782019,1.3553724299335392,0.25553052959281786,0.8054514797631785,1
06,281,604,107,0.07189790904521942,3.392705682782019,1.3247428346260703,0.25553052959281786,0.7901366821094441,1
06,282,604,107,0.07309511303901672,3.392705682782019,1.3506291915288886,0.25553052959281786,0.8030798605608532,1
06,283,604,107,0.07278618961572647,3.392705682782019,1.3439495429206618,0.25553052959281786,0.7997400362567398,1
06,284,604,107,0.07857004553079605,3.392705682782019,1.4690100666640507,0.25553052959281786,0.8622702981284343,1
06,285,604,107,0.07590465992689133,3.392705682782019,1.4113781815519189,0.25553052959281786,0.8334543555723684,1
06,286,604,107,0.07800576090812683,3.392705682782019,1.456808910292315,0.25553052959281786,0.8561697199425664,1
06,287,604,107,0.07963584363460541,3.392705682782019,1.4920551201758143,0.25553052959281786,0.8737928248843161,1
06,288,604,110,0.08189040422439575,1.658063734399614,1.540804005402322,0.08478192310249798,0.81279296425241,1
06,289,604,110,0.08035574853420258,1.5475180742356325,1.507621151749056,0.07390041672352785,0.7907607842362919,1
06,290,604,110,0.0810307189822197,1.4692838967648139,1.522215595141119,0.06619947486891879,0.7942075350050188,1
06,291,604,110,0.0822707787156105,1.4233612019871569,1.5490285935989265,0.06167909753867069,0.8053538455687986,1
06,292,604,110,0.0819670632481575,1.4097499899026624,1.5424615532047012,0.060339284732783625,0.8014004189687425,1
06,293,604,110,0.08198288828134537,1.4284502605113294,1.5428037275202082,0.0621800364512575,0.8024918819857328,1
06,294,604,110,0.08047763258218765,1.4794620138131593,1.5102565705943394,0.06720135269409244,0.7887289616442159,1
06,295,604,110,0.07831498235464096,1.5627852498081505,1.4634950028612859,0.07540323346128831,0.7694491181612871,1
06,296,604,109,0.08058317005634308,2.630800920877257,1.5125385381928136,0.1805328181083856,0.8465356781505996,1
06,297,604,109,0.08018893748521805,2.7260390161153523,1.5040143058216124,0.18990753204393965,0.846960918932776,1
06,298,604,109,0.07995938509702682,2.8212771113534476,1.4990508450585351,0.19928224597949368,0.8491665455190144,1
06,299,604,109,0.08220413327217102,2.916515206591543,1.5475875628775462,0.20865695991504776,0.878122261396297,1
06,300,604,109,0.08341967314481735,3.011753301829638,1.5738703844651398,0.21803167385060176,0.8959510291578708,1
06,301,604,109,0.08229990303516388,3.106991397067733,1.5496583296626352,0.22740638778615577,0.8885323587243955,1
06,302,604,109,0.07891955226659775,3.2022294923058285,1.476567221626594,0.23678110172170985,0.8566741616741519,1
06,303,604,109,0.07711666077375412,3.297467587543924,1.4375844811056775,0.24615581565726385,0.8418701483814707,1
06,304,604,109,0.07934052497148514,3.392705682782019,1.4856696383755517,0.25553052959281786,0.8706000839841848,1
06,305,604,109,0.08009441196918488,3.487943778020114,1.5019704425726297,0.26490524352837197,0.8834378430505008,1
06,306,604,109,0.07921453565359116,3.5831818732582095,1.4829454539710194,0.27427995746392597,0.8786127057174726,1
06,307,604,109,0.0807013139128685,3.678419968496305,1.5150930853307596,0.28365467139948003,0.8993738783651198,1
06,308,604,109,0.08030524849891663,3.7736580637343997,1.5065292226009828,0.29302938533503403,0.8997793039680084,1
06,309,604,109,0.08432743698358536,3.7260390161153523,1.593498366693371,0.28834202836725703,0.9409201975303141,1
06,310,604,109,0.0841095969080925,3.678419968496305,1.5887881535875337,0.28365467139948003,0.9362214124935069,1
06,311,604,109,0.0906822606921196,3.630800920877257,1.7309045526281805,0.278967314431703,1.0049359335299417,1
06,312,604,109,0.08872395008802414,3.5831818732582095,1.6885612865792605,0.27427995746392597,0.9814206220215933,1
06,313,604,107,0.09146489202976227,5.440324730401066,1.7478268768390186,0.4570868792072296,1.102456878023124,1
06,314,604,107,0.0950765460729599,5.297467587543924,1.8259193039075083,0.4430248083038986,1.1344720561057036,1
06,315,604,107,0.09891795367002487,5.154610444686781,1.9089795414125776,0.4289627374005675,1.1689711394065725,1
06,316,604,107,0.09968388825654984,5.011753301829638,1.9255408427227323,0.4149006664972365,1.1702207546099843,1
06,317,604,107,0.10372522473335266,4.9165152065915425,2.012924011292924,0.4055259525616824,1.209224981927303,1
06,318,604,107,0.10719483345746994,4.821277111353448,2.0879450855717976,0.3961512386261284,1.242048162098963,1
06,319,604,107,0.10815414786338806,4.726039016115353,2.1086877119097247,0.3867765246905744,1.2477321183001495,1
06,320,604,107,0.09280656278133392,4.630800920877257,1.776836943712498,0.37740181075502033,1.077119377233759,0
06,321,604,107,0.06231147423386574,4.535562825639162,1.117461640913048,0.3680270968194663,0.7427443688662572,0
06,322,604,107,0.051018550992012024,4.440324730401066,0.8732821668807794,0.3586523828839122,0.6159672748823458,0
06,323,604,108,0.05180400237441063,3.486247425178724,0.8902654670701579,0.26473826389084304,0.5775018654805004,0
06,324,604,108,0.04660839959979057,3.3757017650147425,0.7779243552413421,0.2538567575118729,0.5158905563766075,0
06,325,604,109,0.04683130979537964,2.6223191566703035,0.7827441962293371,0.179697919920741,0.48122105807503907,0
06,326,604,109,0.04587091505527496,2.465850801728665,0.7619782105337128,0.16429603621152275,0.4631371233726178,0
06,327,604,109,0.043975334614515305,2.374005412173352,0.7209913176718987,0.15525528155102664,0.4381232996114627,0
06,328,604,109,0.04307594895362854,2.3450866351629713,0.7015444912900836,0.1524086763017235,0.42697658379590353,0
06,329,604,110,0.04489124193787575,1.6019225332202447,0.7407953811274601,0.07925569224142072,0.4100255366844404,0
06,330,604,110,0.04350650683045387,1.4981622844218263,0.7108541619264708,0.06904210441256632,0.38994813316951854,0
06,331,604,110,0.04124840721487999,1.4879437780201141,0.6620287546661279,0.06803625088173718,0.3650325027739325,0
06,332,604,110,0.043094683438539505,1.5355628256391618,0.7019495747723542,0.0727236078495142,0.38733659131093423,0
06,333,604,111,0.04212740808725357,0.7787875116119407,0.6810348141330524,0.0,0.3405174070665262,0
06,334,604,111,0.040555402636528015,0.8518922412052186,0.6470443710995428,0.005426838219690981,0.32623560465961693,0
06,335,604,112,0.04296170547604561,0.5288581929803323,0.6990742794883749,0.0,0.34953713974418743,0
06,336,604,112,0.04216587543487549,0.46928389676481264,0.6818665683660862,0.0,0.3409332841830431,0
06,337,604,112,0.04206393286585808,0.5644816026495424,0.6796623310440867,0.0,0.33983116552204334,0
06,338,604,112,0.04272693023085594,0.7736580637343999,0.6939978883132587,0.0,0.34699894415662935,0
06,339,604,112,0.04295767843723297,1.011753301829638,0.6989872054688213,0.02116268120396702,0.36007494333639417,0
06,340,604,112,0.041564278304576874,1.249848539924876,0.6688586281091997,0.04459946604285209,0.35672904707602593,0
06,341,604,112,0.03999767825007439,1.4879437780201141,0.6349850624136846,0.06803625088173718,0.35151065664771086,0
06,342,604,112,0.038375239819288254,1.7260390161153523,0.5999041401232691,0.09147303572062228,0.3456885879219457,0
06,343,604,112,0.03835879638791084,1.9641342542105904,0.5995485945892182,0.11490982055950737,0.3572292075743628,0
06,344,604,112,0.03839973360300064,2.1546104446867806,0.6004337531469178,0.1336592484306154,0.3670465007887666,0
06,345,604,112,0.03729397803544998,2.3450866351629713,0.5765247255984005,0.1524086763017235,0.364466700950062,0
06,346,604,112,0.03753378242254257,2.487943778020114,0.5817098586110718,0.16647074720505456,0.3740903029080632,0
06,347,604,112,0.03731352090835571,2.630800920877257,0.5769472883241892,0.1805328181083856,0.3787400532162874,0
06,348,604,112,0.03596291318535805,2.7736580637343997,0.5477439831778987,0.19459488901171665,0.3711694360948077,0
06,349,604,112,0.03589458391070366,2.916515206591543,0.5462665440783148,0.20865695991504776,0.37746175199668125,0
06,350,604,112,0.03759107366204262,3.011753301829638,0.5829486295145994,0.21803167385060176,0.40049015168260055,0
06,351,604,114,0.03762140870094299,1.6699382042893511,0.5836045441688307,0.08595078056520064,0.33477766236701567,0
06,352,604,114,0.0356806181371212,1.7022496869825126,0.5416401024621496,0.08913134508956158,0.31538572377585555,0
06,353,604,114,0.03601564094424248,1.7668726523688367,0.5488840809325335,0.09549247413828357,0.3221882775354085,0
06,354,604,114,0.035593029111623764,1.8161880528292749,0.5397462223994837,0.10034681074358949,0.3200465165715366,0
06,355,604,114,0.03554346039891243,1.8978149359828758,0.5386744306287354,0.10838171187325647,0.323528071250996,0
06,356,604,114,0.034854188561439514,1.9641342542105904,0.5237707576704691,0.11490982055950737,0.31934028911498824,0
06,357,604,114,0.03389759361743927,2.0593723494486857,0.5030869324743311,0.12428453449506141,0.31368573348469625,0
06,358,604,114,0.03280099853873253,2.1546104446867806,0.4793759761691828,0.1336592484306154,0.3065176122998991,0
06,359,604,114,0.03383365646004677,2.249848539924876,0.501704461246212,0.14303396236616947,0.32236921180619077,0
06,360,604,114,0.03409651666879654,2.3450866351629713,0.5073881151719422,0.1524086763017235,0.32989839573683283,0
06,361,604,114,0.03327544033527374,2.4403247304010667,0.4896345200251262,0.16178339023727756,0.3257089551312019,0
06,362,604,114,0.03159261494874954,2.535562825639162,0.4532478901889547,0.1711581041728316,0.31220299718089317,0
06,363,604,114,0.0314713679254055,2.630800920877257,0.4506262453097617,0.1805328181083856,0.31557953170907366,0
06,364,604,114,0.03255944326519966,2.7260390161153523,0.4741529848871404,0.18990753204393965,0.33203025846554,0
06,365,604,114,0.03297244757413864,2.8212771113534476,0.48308310623570516,0.19928224597949368,0.34118267610759945,0
06,366,604,116,0.030932212248444557,1.4794620138131607,0.43896843565301025,0.06720135269409258,0.2530848941735514,0
06,367,604,116,0.03122975490987301,1.511773496506322,0.4454020055103251,0.07038191721845351,0.2578919613643893,0
06,368,604,116,0.031224051490426064,1.5763964618926463,0.4452786842115865,0.0767430462671755,0.261010865239381,0
06,369,604,117,0.03078291192650795,1.1835696110505283,0.4357402126940322,0.038075333062256696,0.23690777287814443,0
06,370,604,117,0.03213953599333763,1.2022698816591952,0.4650736052978424,0.03991608478073057,0.2524948450392865,0
06,371,604,121,0.031087078154087067,2.702532412456076,0.44231699957888276,0.18759367135246696,0.3149553354656749,0
06,372,604,121,0.03215697780251503,2.4015105618159045,0.4654507381003859,0.15796273710238878,0.31170673760138734,0
06,373,604,121,0.031349193304777145,2.132800193868895,0.4479845436027529,0.13151236737667163,0.2897484554897123,0
06,374,604,121,0.029804259538650513,1.8964013086150477,0.41457945385332773,0.10824256217531547,0.2614110080143216,0
06,375,604,121,0.02963561750948429,1.6923139060543628,0.4109330178420631,0.08815332149832034,0.24954316967019172,0
06,376,604,121,0.030394554138183594,1.5205379861868393,0.42734300689899746,0.07124464534568614,0.2492938261223418,0
06,377,604,122,0.03143851086497307,1.8555676723615644,0.44991579863773407,0.10422312375765429,0.27706946119769416,0
06,378,604,122,0.030003806576132774,1.637869057716384,0.41889412859374664,0.08279407027477198,0.25084409943425934,0
06,379,604,122,0.03130330517888069,1.484793408457529,0.44699233474719324,0.0677261458406118,0.2573592402939025,0
06,380,604,122,0.03140149265527725,1.3946443717436063,0.4491153781638182,0.058852370817644585,0.2539838744907314,0
06,381,604,122,0.03021535836160183,1.3368068177228465,0.4234683741278854,0.053159160319038425,0.23831376722346193,0
06,382,604,122,0.031534381210803986,1.3112807463952483,0.4519887402595743,0.050646514344793225,0.25131762730218377,0
06,383,604,122,0.029433898627758026,1.3180661577608126,0.4065713827377222,0.051314432894909064,0.22894290781631563,0
06,384,604,125,0.030412238091230392,1.8912718607375094,0.4277253754196454,0.10773764755707327,0.26773151148835933,0
06,385,604,125,0.029457025229930878,1.4711821963730358,0.4070714340914577,0.06638633303472487,0.23672888356309127,0
06,386,604,125,0.031110964715480804,1.1208045559190591,0.4428334830325155,0.031897086473685284,0.2373652847531004,0
06,387,604,125,0.030358552932739258,0.9625994587826645,0.42656457644112045,0.01632424742128278,0.22144441193120162,0
06,388,604,125,0.029824206605553627,0.9013288097257557,0.4150107562008755,0.01029310194196322,0.21265192907141936,0
06,389,604,125,0.029053205624222755,0.9302071973827695,0.3983399075580726,0.013135731485610877,0.20573781952184172,0
06,390,604,125,0.029520085081458092,1.071327598045155,0.4084349359101365,0.02702684704575755,0.21773089147794703,0
06,391,604,126,0.0299757681787014,0.6869825114099932,0.4182878727119988,0.0,0.2091439363559994,0
06,392,604,126,0.030416836962103844,0.7396906175532135,0.4278248137888765,0.0,0.21391240689443825,0
06,393,604,126,0.030974140390753746,0.857021689082758,0.4398750203801838,0.0059317528379332855,0.22290338660905853,0
06,394,604,126,0.030216064304113388,1.0372793731572363,0.42348363825989777,0.023675327178212222,0.223579482719055,0
06,395,604,126,0.03068632073700428,1.249848539924876,0.4336516847421424,0.04459946604285209,0.23912557539249724,0
06,396,604,126,0.030337916687130928,1.4879437780201141,0.42611837243435213,0.06803625088173718,0.24707731165804464,0
06,397,604,126,0.031617432832717896,1.7260390161153523,0.4537845110199126,0.09147303572062228,0.2726287733702674,0
06,398,604,126,0.03215242177248001,1.9165152065915427,0.46535222605051174,0.11022246359173034,0.28778734482112106,0
06,399,604,127,0.029341457411646843,1.2481521870834857,0.4045725869391928,0.04443248640532321,0.224502536672258,0
06,400,604,127,0.029188217595219612,1.42332081263379,0.40125918287412976,0.06167512183301519,0.2314671523535725,0
06,401,604,127,0.029639171436429024,1.6308009208772571,0.4110098620739355,0.08209832178506825,0.24655409192950187,0
06,402,604,127,0.03035472333431244,1.868896158972495,0.4264817715455599,0.10553510662395332,0.2660084390847566,0
06,403,604,129,0.02930924855172634,0.964215032917324,0.40387615588178344,0.016483275647500968,0.2101797157646422,0
06,404,604,129,0.029881440103054047,1.02370855042611,0.4162482785870089,0.02233949007798079,0.21929388433249486,0
06,405,604,129,0.029224665835499763,0.99648612625712,0.4020472792731228,0.019659864466206545,0.21085357186966466,0
06,406,604,131,0.029319437220692635,1.1241972616018425,0.4040964587897194,0.032231045748743324,0.21816375226923135,0
06,407,604,131,0.026632124558091164,0.9115877054808375,0.34599045926584676,0.011302931178448113,0.17864669522214743,0
06,408,604,131,0.02781016379594803,0.7636011147461537,0.3714624292180702,0.0,0.1857312146090351,0
06,409,604,131,0.026769494637846947,0.6734520780322297,0.348960722421291,0.0,0.1744803612106455,0
06,410,604,131,0.02691647969186306,0.6479260067046314,0.352138883860239,0.0,0.1760694419301195,0
06,411,604,131,0.028710924088954926,0.6938083121289231,0.39093897836881714,0.0,0.19546948918440857,0
06,412,604,132,0.028052344918251038,0.6071731491578832,0.37669895281767507,0.0,0.18834947640883754,0
06,413,604,132,0.026168614625930786,0.5221131709681334,0.3359682879449448,0.0,0.1679841439724724,0
06,414,604,133,0.026227787137031555,0.7620259299648596,0.3372477363506689,0.0,0.16862386817533445,0
06,415,604,133,0.02610248327255249,0.5698129972939133,0.33453837305584794,0.0,0.16726918652792397,0
06,416,604,133,0.026097673922777176,0.5068459953956127,0.3344343836393414,0.0,0.1672171918196707,0
06,417,604,133,0.028000855818390846,0.5816066884769168,0.37558563777488263,0.0,0.18779281888744132,0
06,418,604,134,0.027441363781690598,0.5357647724059912,0.36348810834686146,0.0,0.18174405417343073,0
06,419,604,134,0.028156928718090057,0.4642756169473729,0.3789602997417684,0.0,0.1894801498708842,0
06,420,604,134,0.027417659759521484,0.5985702168908272,0.3629755718191844,0.0,0.1814877859095922,0
06,421,604,134,0.027330458164215088,0.846843572034412,0.36109006890548573,0.004929875012759574,0.18300997195912266,0
06,422,604,134,0.027891235426068306,1.1274284098711582,0.37321538791421544,0.032549102201179375,0.20288224505769742,0
06,423,604,137,0.029396720230579376,1.4168181267417905,0.40576749863490635,0.06103503322248748,0.23340126592869692,0
06,424,604,137,0.02981727011501789,1.0783553455309178,0.4148607730145586,0.027718619829806064,0.22128969642218232,0
06,425,604,138,0.02819962240755558,1.607294317217981,0.37988343739310315,0.07978446109359555,0.22983394924334935,0
06,426,604,138,0.028910282999277115,1.2127307241811056,0.39524958535901644,0.040945792545492354,0.2180976889522544,0
06,427,604,138,0.029905004426836967,0.9780281917686485,0.4167577945080872,0.01784296698166507,0.21730038074487612,0
06,428,604,138,0.030108988285064697,0.8062522719011265,0.42116840371408265,0.0009342908290310111,0.21105134727155683,0
06,429,604,139,0.03091868944466114,1.1702007350862293,0.43867604093425056,0.036759374490302026,0.2377177077122763,0
06,430,604,139,0.03164052963256836,0.9235833434306709,0.45428391797757367,0.012483715758116845,0.23338381686784526,0
06,431,604,139,0.030901949852705002,0.7705076941718145,0.4383140917142102,0.0,0.2191570458571051,0
06,432,604,139,0.03187404200434685,0.6905367745062387,0.459333002869037,0.0,0.2296665014345185,0
06,433,604,139,0.03084053285419941,0.7312896320529882,0.43698611222913275,0.0,0.21849305611456638,0
06,434,604,141,0.030244208872318268,1.2314309947897741,0.42409218980266067,0.04278654426396637,0.23343936703331353,0
06,435,604,142,0.029214194044470787,1.7977705076941715,0.40182085460247996,0.09853388896470362,0.2501773717835918,0
06,436,604,142,0.029503729194402695,1.4015105618159058,0.4080812832895541,0.059528240779071546,0.23380476203431283,0
06,437,604,142,0.03020315431058407,1.0460438628377549,0.42320449393541804,0.02453805530544498,0.22387127462043152,0
06,438,604,142,0.02936205267906189,0.799386081828831,0.40501790490135886,0.0002584208676044417,0.20263816288448164,0
06,439,604,142,0.029978152364492416,0.7295932792116004,0.4183394243979509,0.0,0.20916971219897545,0
06,440,604,142,0.03140660375356674,0.7805646431600635,0.449225892090578,0.0,0.224612946045289,0
06,441,604,142,0.03017907775938511,0.9216850438224478,0.4226839024568109,0.012296857592310645,0.21749038002456078,0
06,442,604,142,0.02940978854894638,1.1274284098711576,0.4060500663135314,0.032549102201179306,0.21929958425735535,0
06,443,604,142,0.028602037578821182,1.392705682782019,0.3885845967614821,0.05866153694618316,0.22362306685383262,0
06,444,604,145,0.028432445600628853,1.2314309947897741,0.38491762062534596,0.04278654426396637,0.21385208244465617,0
06,445,604,145,0.029563821852207184,0.9201906377478901,0.4093806274240753,0.012149756483059057,0.2107651919535672,0
06,446,604,145,0.029591726139187813,0.7279777050769409,0.40998398352348836,0.0,0.20499199176174418,0
06,447,604,145,0.030038172379136086,0.6360919261682612,0.41963719781704084,0.0,0.20981859890852042,0
06,448,604,145,0.029599187895655632,0.641140595339067,0.4101453241906166,0.0,0.2050726620953083,0
06,449,604,145,0.02904348075389862,0.7431237125893612,0.3981296330640444,0.0,0.1990648165320222,0
06,450,604,145,0.03140866383910179,0.882547760410355,0.449270435969221,0.008444398812178368,0.22885741739069967,0
06,451,604,145,0.029830891638994217,1.0865947736176744,0.4151553022953147,0.028529663783518143,0.22184248303941642,0
06,452,604,148,0.029333800077438354,1.5120562219798859,0.40440701742282625,0.07040974715804153,0.2374083822904339,0
06,453,604,148,0.030266212299466133,1.1310634516741394,0.4245679554793422,0.03290691571017002,0.2287374355947561,0
06,454,604,148,0.02989642135798931,0.847005129447876,0.4165722084386596,0.004945777835381203,0.2107589931370204,0
06,455,604,148,0.02974501997232437,0.7551193505391961,0.41329855555643624,0.0,0.20664927777821812,0
06,456,604,148,0.029491860419511795,0.7006745022012185,0.4078246525529237,0.0,0.20391232627646186,0
06,457,604,148,0.029179571196436882,0.7108526192495666,0.40107222746304405,0.0,0.20053611373152203,0
06,458,604,148,0.03051750734448433,0.7856537016842348,0.43000154345345,0.0,0.215000771726725,0
06,459,604,148,0.030122924596071243,0.9250777495052286,0.4214697394283746,0.012630816867368432,0.21705027814787153,0
06,460,604,149,0.030012957751750946,0.6972817965184377,0.41909199846334255,0.0,0.20954599923167128,0
06,461,604,149,0.02970026805996895,0.7601680197100074,0.4123309143012131,0.0,0.20616545715060655,0
06,462,604,149,0.029583727940917015,0.9199886909810573,0.4098110437270209,0.012129877954781744,0.21097046084090132,0
06,463,604,149,0.02934832125902176,1.1750474574902052,0.4047209994100784,0.037236459168956335,0.22097872928951737,0
06,464,604,149,0.028925878927111626,1.4879437780201141,0.39558680587970163,0.06803625088173718,0.2318115283807194,0
06,465,604,149,0.030358633026480675,1.6784199684963046,0.4265663082555704,0.08678567875284525,0.25667599350420783,0
06,466,604,149,0.02991476282477379,1.868896158972495,0.41696879394769903,0.10553510662395332,0.26125195028582615,0
06,467,604,149,0.02979983016848564,2.0593723494486857,0.4144836804867698,0.12428453449506141,0.2693841074909156,0
06,468,604,149,0.029304824769496918,2.249848539924876,0.40378050333948945,0.14303396236616947,0.2734072328528295,0
06,469,604,152,0.03002871759235859,0.9472918938567825,0.41943276316243694,0.014817454977867104,0.21712510907015203,0
06,470,604,152,0.030330179259181023,0.8843248919584819,0.42595107110353564,0.008619329861018514,0.21728520048227706,0
06,471,604,152,0.03021186962723732,0.9182923381396668,0.4233929395124258,0.011962898317252845,0.2176779189148393,0
06,472,604,152,0.03083004243671894,1.0424088210347757,0.43675928481094345,0.024180241796454525,0.23046976330369898,0
06,473,604,152,0.02893822081387043,1.0764166565693292,0.39585366640401315,0.02752778595834451,0.21169072618117882,0
06,474,604,152,0.029438601806759834,1.1427359747970451,0.40667307649321366,0.03405589464459553,0.2203644855689046,0
06,475,604,152,0.02817046456038952,1.2413667757179212,0.3792529763838106,0.043764567855207354,0.21150877211950897,0
06,476,604,152,0.030253786593675613,1.37230905933196,0.4242992825910714,0.05665380559018024,0.24047654409062583,0
06,477,604,152,0.027961283922195435,1.5355628256391618,0.3747300006123414,0.0727236078495142,0.2237268042309278,0
06,478,604,152,0.029128829017281532,1.7260390161153523,0.39997506259686627,0.09147303572062228,0.24572404915874427,0
06,479,604,152,0.028127096593379974,1.9165152065915427,0.37831525927129256,0.11022246359173034,0.24426886143151144,0
06,480,604,152,0.029353300109505653,2.106991397067733,0.4048286538292581,0.1289718914628384,0.26690027264604826,0
06,481,604,152,0.030093597248196602,2.249848539924876,0.42083561341640896,0.14303396236616947,0.28193478789128923,0
06,482,604,155,0.029739120975136757,0.9404660931378498,0.41317100540845936,0.014145560722095628,0.21365828306527748,0
06,483,604,155,0.028901448473334312,0.8537097621067095,0.395058562197711,0.005605744974186339,0.2003321535859487,0
06,484,604,155,0.028728678822517395,0.831576396461892,0.3913228773301418,0.003427058274998913,0.19737496780257036,0
06,485,604,155,0.027474919334053993,0.8740659962034001,0.3642136580518828,0.007609500624533621,0.18591157933820823,0
06,486,604,157,0.03007686324417591,1.3487216769659531,0.42047378502063254,0.054331993487396854,0.2374028892540147,0
06,487,604,157,0.029267990961670876,1.1054969909931756,0.4029840700662839,0.030390294030269455,0.21668718204827667,0
06,488,604,157,0.02855968289077282,0.9302879760895018,0.3876687891154937,0.01314368289692172,0.2004062360062077,0
06,489,604,157,0.030160699039697647,0.8520134092653163,0.4222865114526785,0.005438765336657179,0.21386263839466782,0
06,490,604,157,0.02819308638572693,0.8111797730118331,0.37974211327903595,0.0014193269189960033,0.19058072009901597,0
06,491,604,157,0.028936566784977913,0.8349691021446756,0.39581790242188386,0.0037610175500569737,0.19978945998597042,0
06,492,604,161,0.028514795005321503,3.1787228886465524,0.38669820780318115,0.2344672410302371,0.31058272441670914,0
06,493,604,161,0.02847679704427719,2.7824629427682868,0.38587660280831926,0.19546159284460507,0.29066909782646216,0
06,494,604,161,0.029035944491624832,2.418514479583181,0.3979666814067302,0.15963650918333377,0.278801595295032,0
06,495,604,161,0.029415247961878777,2.086877499091238,0.4061681116194108,0.1269919900464235,0.26658005083291714,0
06,496,604,161,0.030583463609218597,1.787552001292458,0.4314276725156097,0.09752803543387437,0.26447785397474205,0
06,497,604,163,0.02915208786725998,2.9406276505513143,0.400477973458182,0.21103045619135202,0.305754214824767,0
06,498,604,163,0.028209613636136055,2.452522315117734,0.38009947117704623,0.16298405334522373,0.27154176226113497,0
06,499,604,163,0.02826884016394615,2.029039945070477,0.38138008755065517,0.12129877954781725,0.2513394335492362,0
06,500,604,164,0.028342925012111664,2.323276384345086,0.3829819756421079,0.15026179524777974,0.2666218854449438,0
06,501,604,164,0.028729388490319252,1.8232561896684043,0.3913382220116635,0.10104255923329349,0.2461903906224785,0
06,502,604,164,0.029911771416664124,1.4201704430712059,0.416904112691731,0.061365016791889916,0.23913456474181047,0
06,503,604,164,0.02824539691209793,1.2551799345692456,0.38087318948862914,0.04512425918937144,0.2129987243390003,0
06,504,604,164,0.02761867083609104,1.154812391453611,0.3673219025167583,0.03524463063557511,0.2012832665761667,0
06,505,604,164,0.027590857818722725,1.1190678137243018,0.3667205198803231,0.03172613113050089,0.199223325505412,0
06,506,604,165,0.02968757227063179,0.9388101296498248,0.4120564015735181,0.013982556790222084,0.2130194791818701,0
06,507,604,165,0.027787968516349792,0.9217658225291814,0.37098251524165976,0.012304809003621617,0.1916436621226407,0
06,508,604,165,0.02876284345984459,1.0016559634880235,0.3920615968799338,0.020168754790104073,0.20611517583501893,0
06,509,604,167,0.02772141434252262,1.190597358536291,0.36954345798325733,0.03876710584630521,0.20415528191478127,0
06,510,604,167,0.02830156311392784,0.8333939173633842,0.382087634440348,0.0036059650294944026,0.1928467997349212,0
06,511,604,167,0.02789156511425972,0.6054364069631233,0.37322251654578853,0.0,0.18661125827289426,0
06,512,604,167,0.027657078579068184,0.50333212165273,0.36815236795764317,0.0,0.18407618397882158,0
06,513,604,167,0.027588605880737305,0.6138373924633446,0.36667182770195117,0.0,0.18333591385097558,0
06,514,604,167,0.0251303743571043,0.8212771113534475,0.31351909942822925,0.002413253332858939,0.1579661763805441,0
06,515,604,168,0.02623758278787136,0.4914576517629969,0.3374595412853737,0.0,0.16872977064268685,0
06,516,604,168,0.02529151923954487,0.591744416171898,0.31700342955202726,0.0,0.15850171477601363,0
06,517,604,168,0.02638557180762291,0.8212771113534475,0.3406594108170781,0.002413253332858939,0.17153633207496854,0
06,518,604,168,0.026636609807610512,1.0593723494486855,0.34608744087504417,0.02585003817174402,0.1859687395233941,0
06,519,604,168,0.027853570878505707,1.2974675875439237,0.3724009921004359,0.049286823010629116,0.2108439075555325,0
06,520,604,168,0.028735803440213203,1.5355628256391618,0.3914769282666784,0.0727236078495142,0.2321002680580963,0
06,521,604,168,0.027615537866950035,1.7260390161153523,0.3672541603794368,0.09147303572062228,0.22936359805002954,0
06,522,604,168,0.02670523338019848,1.9165152065915427,0.3475712433858628,0.11022246359173034,0.22889685348879657,0
06,523,604,168,0.027446787804365158,2.106991397067733,0.36360538843240253,0.1289718914628384,0.24628863994762046,0
06,524,604,171,0.02666996233165264,0.795952986792682,0.3468086006318087,0.0,0.17340430031590434,0
06,525,604,171,0.02830791473388672,0.7108526192495666,0.3822249713537048,0.0,0.1911124856768524,0
06,526,604,171,0.029653184115886688,0.7549981824790997,0.4113128490531681,0.0,0.20565642452658406,0
06,527,604,171,0.028167160227894783,0.8519326305585854,0.3791815289690614,0.0054308139253464675,0.1923061714472039,0
06,528,604,173,0.02951841987669468,1.2790096530554536,0.4083989302794794,0.04746992552608777,0.22793442790278357,0
06,529,604,173,0.028507933020591736,1.0051698372309064,0.3865498356070502,0.020514641182128472,0.20353223839458934,0
06,530,604,173,0.02928812988102436,0.7959529867926792,0.4034195207135607,0.0,0.20170976035678034,0
06,531,604,173,0.03191215917468071,0.6836705844339406,0.4601571854481965,0.0,0.23007859272409825,0
06,532,604,173,0.032057251781225204,0.6683226301546903,0.46329442773642,0.0,0.23164721386821,0
06,533,604,173,0.030708346515893936,0.7397310069065803,0.4341279337158797,0.0,0.21706396685793986,0
06,534,604,173,0.028476465493440628,0.8723696433620096,0.3858694339019916,0.007442520987004722,0.19665597744449814,0
06,535,604,175,0.02965817041695118,1.0749626398481342,0.4114206645713664,0.027384660554748003,0.21940266256305718,0
06,536,604,175,0.029176954180002213,0.8487418716426346,0.4010156414327607,0.005116733178565719,0.2030661873056632,0
06,537,604,175,0.032871063798666,0.7194555515166206,0.4808909513401007,0.0,0.24044547567005034,0
06,538,604,176,0.029781365767121315,1.0324326507532606,0.41408443684392343,0.02319824249955794,0.21864133967174068,0
06,539,604,177,0.029614660888910294,1.5596752695989333,0.4104798865774949,0.07509710412581853,0.24278849535165672,0
06,540,604,177,0.030603844672441483,1.170200735086232,0.431868358880991,0.03675937449030229,0.23431386668564666,0
06,541,604,177,0.02932850271463394,0.850438224484025,0.4042924760206014,0.005283712816094607,0.20478809441834803,0
06,542,604,178,0.029764970764517784,1.2280382891069905,0.4137299384534933,0.04245258498890831,0.2280912617212008,0
06,543,604,179,0.0316523015499115,1.7025324124560763,0.4545384544269623,0.0891591750291496,0.27184881472805594,0
06,544,604,179,0.032631631940603256,1.2110343713397154,0.47571387327835934,0.04077881290796347,0.2582463430931614,0
06,545,604,179,0.03327934443950653,0.8997940142978285,0.4897189359108728,0.010142025127055873,0.24993048051896433,0
06,546,604,179,0.03273776173591614,0.693969869542385,0.47800864824881223,0.0,0.23900432412440611,0
06,547,604,179,0.03210044652223587,0.5969546427561684,0.46422839929675563,0.0,0.23211419964837782,0
06,548,604,179,0.031474873423576355,0.6530150652288055,0.45070204239801315,0.0,0.22535102119900657,0
06,549,604,179,0.031849149614572525,0.7941354658911897,0.4587947710478932,0.0,0.2293973855239466,0
06,550,604,180,0.030358020216226578,0.5629468072216152,0.42655305786129055,0.0,0.21327652893064528,0
06,551,604,180,0.03248736262321472,0.6275293832545753,0.4725944324316912,0.0,0.2362972162158456,0
06,552,604,181,0.03073548711836338,0.6123025970354214,0.4347147771658862,0.0,0.2173573885829431,0
06,553,604,181,0.03219623491168022,0.5203764287733734,0.4662995688293912,0.0,0.2331497844146956,0
06,554,604,181,0.029783502221107483,0.6070519810977801,0.4141306319875071,0.0,0.20706531599375355,0
06,555,604,181,0.03051774576306343,0.8212771113534475,0.43000669862204516,0.002413253332858939,0.21620997597745206,0
06,556,604,181,0.028755538165569305,1.1069913970677332,0.3919036392921961,0.030537395139521042,0.21122051721585858,0
06,557,604,181,0.029346631839871407,1.392705682782019,0.4046844702076107,0.05866153694618316,0.23167300357689694,0
06,558,604,181,0.03028498776257038,1.6784199684963046,0.4249739250062151,0.08678567875284525,0.2558798018795302,0
06,559,604,181,0.03031361848115921,1.9165152065915427,0.4255929882599417,0.11022246359173034,0.267907725925836,0
06,560,604,184,0.030106190592050552,0.8827093178238223,0.4211079110325982,0.008460301634800325,0.21478410633369927,0
06,561,604,184,0.03028998337686062,0.7245042206874291,0.42508194189818665,0.0,0.21254097094909333,0
06,562,604,186,0.029066825285553932,1.988246698170362,0.398634396564074,0.1172833168358117,0.25795885669994284,0
06,563,604,186,0.028608474880456924,1.6396057999111437,0.3887237863135528,0.08296502561795661,0.2358444059657547,0
06,564,604,186,0.02780703268945217,1.3708954319641333,0.37139472735550344,0.05651465589223936,0.2139546916238714,0
06,565,604,186,0.03005317412316799,1.1344965467102857,0.41996157069099266,0.03324485069088317,0.22660321069093792,0
06,566,604,186,0.03131738305091858,0.9338018498323818,0.44729673134283865,0.013489569288945845,0.23039315031589225,0
06,567,604,186,0.030269375070929527,0.8062118825477582,0.42463634201273803,0.0009303151233753826,0.2127833285680567,0
06,568,604,186,0.03037053905427456,0.7823417747081849,0.4268237444872938,0.0,0.2134118722436469,0
06,569,604,186,0.0306936614215374,0.8554061149480999,0.4338104075502184,0.005772724611715239,0.2197915660809668,0
06,570,604,187,0.029405781999230385,0.77386001050123,0.40596343531627904,0.0,0.20298171765813952,0
06,571,604,187,0.02922452613711357,0.775515973989255,0.402044258666524,0.0,0.201022129333262,0
06,572,604,187,0.03020215407013893,0.8741063855567656,0.4231828663921709,0.007613476330188976,0.21539817136117995,0
06,573,604,187,0.03072233498096466,1.008441374853588,0.4344303971233019,0.020836673340219932,0.22763353523176091,0
06,574,604,187,0.029414530843496323,1.1750878468435706,0.40615260583887053,0.03724043487461168,0.2216965203567411,0
06,575,604,187,0.028929539024829865,1.374045801526716,0.39566594577258907,0.056824760933364506,0.2262453533529768,0
06,576,604,187,0.02864980697631836,1.605315238903024,0.3896174831192384,0.07958965151647837,0.23460356731785836,0
06,577,604,189,0.03029358759522438,0.9030251625671475,0.4251598735484346,0.01046008157949225,0.21780997756396342,0
06,578,604,189,0.03168341517448425,0.9182923381396668,0.4552112039286374,0.011962898317252845,0.23358705112294512,0
06,579,604,189,0.03261365368962288,1.025404903267498,0.47532514134647663,0.022506469715509427,0.24891580553099302,0
06,580,604,189,0.03298677131533623,1.1971404337816545,0.48339281909896437,0.03941117016248813,0.2614019946307262,0
06,581,604,190,0.03186996281147003,0.7890060180136529,0.4592448011563533,0.0,0.22962240057817665,0
06,582,604,190,0.032430797815322876,0.8876368189345317,0.4713713686824772,0.00894533772476559,0.2401583532036214,0
06,583,604,190,0.031182684004306793,0.9556524900036355,0.44438422218556267,0.01564042604854525,0.23001232411705397,0
06,584,604,191,0.029998114332556725,0.5866553576477239,0.41877104894353595,0.0,0.20938552447176798,0
06,585,604,191,0.03034648858010769,0.5781332040874035,0.4263037168552518,0.0,0.2131518584276259,0
06,586,604,191,0.028677452355623245,0.6665454986065689,0.390215241027755,0.0,0.1951076205138775,0
06,587,604,193,0.029425274580717087,1.0834847934084573,0.40638491062369225,0.028223534448048367,0.2173042225358703,0
06,588,604,193,0.030459703877568245,0.792641059816632,0.4287516969923937,0.0,0.21437584849619684,0
06,589,604,194,0.02931812033057213,1.3691990791227429,0.4040679845381818,0.05634767625471046,0.23020783039644616,0
06,590,604,194,0.028312889859080315,1.0222545337049151,0.3823325452233752,0.022196364674384284,0.20226445494887973,0
06,591,604,195,0.02963133528828621,1.607294317217981,0.41084042618112254,0.07978446109359555,0.24531244363735905,0
06,592,604,195,0.03089478611946106,1.2603497718001533,0.43815919500782596,0.045633149513269376,0.24189617226054766,0
06,593,604,195,0.030221249908208847,0.9814208974514294,0.42359576317684366,0.018176926256722858,0.22088634471678326,0
06,594,604,195,0.028761446475982666,0.7977301183408033,0.3920313908139462,9.541693573063558e-05,0.19606340387483842,0
06,595,604,195,0.0284165870398283,0.6854477159820647,0.3845747213642551,0.0,0.19228736068212754,0
06,596,604,196,0.029224811121821404,0.8011228240235869,0.4020504207039855,0.00042937621078869615,0.2012398984573871,0
06,597,604,196,0.029556775465607643,0.6055171856698569,0.40922826802723405,0.0,0.20461413401361703,0
06,598,604,196,0.03237232193350792,0.5969950321095339,0.4701069830349922,0.0,0.2350534915174961,0
06,599,604,196,0.030847040936350822,0.6700593723494462,0.43712683222188015,0.0,0.21856341611094007,0
06,600,604,196,0.03264843672513962,0.8400581606688469,0.47607723211481245,0.00426195646264366,0.24016959428872806,0
06,601,604,196,0.03224027901887894,1.1069913970677332,0.46725190567784725,0.030537395139521042,0.24889465040868414,0
06,602,604,196,0.03198649734258652,1.392705682782019,0.46176455090628166,0.05866153694618316,0.2602130439262324,0
06,603,604,196,0.03253129869699478,1.6784199684963046,0.4735444333443775,0.08678567875284525,0.28016505604861136,0
07,35,536,13,0.03528173267841339,0.6888808110182144,0.5330152637538325,0.0,0.26650763187691623,0
07,36,536,13,0.034149572253227234,0.5816874671836497,0.5085353012833954,0.0,0.2542676506416977,0
07,37,536,13,0.033857304602861404,0.6139181711700789,0.5022157895312496,0.0,0.2511078947656248,0
07,38,536,16,0.035019055008888245,2.083484793408457,0.527335556754058,0.12665803077136573,0.32699679376271185,0
07,39,536,17,0.03466761112213135,2.5596752695989333,0.5197365160466788,0.1735316004491359,0.3466340582479074,0
07,40,536,17,0.03525209799408913,2.1157962761016202,0.5323744924073496,0.12983859529572683,0.3311065438515382,0
07,41,536,17,0.03509831055998802,1.7059251181388586,0.5290492475644194,0.08949313430420754,0.3092711909343135,0
07,42,536,17,0.03553597629070282,1.358980572721031,0.5385126066645514,0.05534182272388135,0.29692721469421635,0
07,43,536,17,0.035435013473033905,1.0987519689809766,0.5363295538634978,0.029726351185808964,0.2830279525246534,0
07,44,536,17,0.034840814769268036,0.9031463306272466,0.5234815849320815,0.010472008696458578,0.26697679681427006,0
07,45,536,17,0.03529362753033638,0.8197827052788885,0.533272458337028,0.0022661522236072204,0.2677693052803176,0
07,46,536,17,0.034744735807180405,0.8112201623652,0.5214041325377204,0.0014233026246515007,0.261413717581186,0
07,47,536,17,0.03452509269118309,0.9472111151500461,0.5166549334693817,0.014809503566555858,0.2657322185179688,0
07,48,536,17,0.03376273065805435,1.1801365160143793,0.5001708791386459,0.03773739808154329,0.2689541386100946,0
07,49,536,17,0.034415315836668015,1.4403247304010667,0.514281300529324,0.06334889391396017,0.28881509722164206,0
07,50,536,17,0.03311106190085411,1.7260390161153523,0.48608027292725564,0.09147303572062228,0.28877665432393895,0
07,51,536,20,0.032627519220113754,1.098711579627609,0.4756249466200919,0.029722375480153402,0.2526736610501227,0
07,52,536,20,0.03102014772593975,0.9643362009774225,0.440869806820041,0.016495202764467233,0.22868250479225413,0
07,53,536,20,0.032785166054964066,0.8945837877135587,0.47903364075465704,0.009629159097502924,0.24433139992608,0
07,54,536,20,0.032058387994766235,0.8894543398360193,0.4633189953367566,0.009124244479260621,0.2362216199080086,0
07,55,536,20,0.03336324170231819,0.948947857344804,0.4915329914098222,0.01498045890974031,0.25325672515978126,0
07,56,536,20,0.030941996723413467,1.073064340239913,0.43917999893918713,0.02719780238894199,0.23318890066406456,0
07,57,536,20,0.0315389558672905,1.2618037885213462,0.4520876550569949,0.045776274916865686,0.2489319649869303,0
07,58,536,20,0.030545203015208244,1.5151662021891037,0.4306003887803422,0.07071587649351137,0.25065813263692677,0
07,59,536,20,0.029355566948652267,1.6784199684963053,0.40487766820566723,0.08678567875284532,0.24583167347925627,0
07,60,536,21,0.03151503577828407,1.0458015267175567,0.45157044665777846,0.024514201071512323,0.23804232386464538,0
07,61,536,21,0.033245332539081573,1.115513550628055,0.4889835188909621,0.03137626903282128,0.2601798939618917,0
07,62,536,21,0.03297802805900574,1.249848539924876,0.4832037694006368,0.04459946604285209,0.2639016177217445,0
07,63,536,23,0.031843528151512146,0.8061311038410273,0.45867322183835924,0.000922363712064672,0.22979779277521195,0
07,64,536,23,0.03073319047689438,0.6870632901167255,0.4346651183934026,0.0,0.2173325591967013,0
07,65,536,23,0.03214408829808235,0.6326184417787466,0.46517203679820723,0.0,0.23258601839910362,0
07,66,536,23,0.03187209367752075,0.6461892645098741,0.45929087547567304,0.0,0.22964543773783652,0
07,67,536,25,0.034012481570243835,1.2756169473726726,0.5055710793411486,0.04713596625102997,0.2763535227960893,0
07,68,536,25,0.03425511345267296,1.0000807787067336,0.5108173494313789,0.020013702269541644,0.2654155258504603,0
07,69,536,25,0.03257342055439949,0.7925602811098997,0.4744552066460347,0.0,0.23722760332301734,0
07,70,536,25,0.03337825462222099,0.6819742315925514,0.49185760593230193,0.0,0.24592880296615097,0
07,71,536,25,0.03522387146949768,0.6683226301546916,0.531764168775382,0.0,0.265882084387691,0
07,72,536,25,0.03454199060797691,0.6988973706530972,0.5170203060435673,0.0,0.25851015302178365,0
07,73,536,27,0.033228799700737,1.134496546710287,0.4886260401686879,0.0332448506908833,0.2609354454297856,0
07,74,536,29,0.032872628420591354,2.702532412456076,0.48092478213400675,0.18759367135246696,0.3342592267432368,0
07,75,536,29,0.030263053253293037,2.3062724665778105,0.42449964949545566,0.14858802316683486,0.2865438363311453,0
07,76,536,29,0.029906023293733597,1.9423240033927063,0.4167798247988808,0.11276293950556372,0.2647713821522223,0
07,77,536,32,0.03187688812613487,4.273960983884647,0.45939454269414237,0.3422764512891085,0.40083549699162546,0
07,78,536,32,0.031814780086278915,3.734843895149239,0.4580516212750897,0.28920873220014537,0.37363017673761756,0
07,79,536,32,0.033395130187273026,3.228038289106992,0.49222249520943173,0.2393215776355432,0.36577203642248746,0
07,80,536,32,0.030253252014517784,2.7535441657579063,0.4242877237364869,0.19261498759530193,0.30845135566589443,0
07,81,536,32,0.033742863684892654,2.358980572721031,0.499741308605548,0.1537763190471987,0.32675881382637334,0
07,82,536,32,0.032031361013650894,1.9967284623773183,0.46273460864678373,0.11811821502345658,0.29042641183512014,0
07,83,536,32,0.03323175385594368,1.6718768932509398,0.48868991592956296,0.0861416144366622,0.28741576518311257,0
07,84,536,32,0.032306212931871414,1.5068863847489808,0.4686775514429512,0.06990085683414386,0.2692892041385475,0
07,85,536,32,0.03237453103065491,1.406518841633346,0.47015474889400727,0.06002122828034751,0.2650879885871774,0
07,86,536,32,0.032162897288799286,1.365685205379863,0.46557873127066385,0.05600178986268635,0.2607902605666751,0
07,87,536,32,0.035041969269514084,1.3571630518195412,0.5278310167857634,0.05516291596938611,0.2914969663775748,0
07,88,536,33,0.032767701894044876,1.1887798376347987,0.4786560246550578,0.03858819909180971,0.25862211187343376,0
07,89,536,33,0.03366518020629883,1.2295730845349164,0.49806160968811125,0.04260366180381553,0.2703326357459634,0
07,90,536,33,0.03422091528773308,1.3349892968213584,0.5100779049360032,0.05298025356454334,0.2815290792502733,0
07,91,536,33,0.03160875663161278,1.513510238701078,0.4535969112127524,0.07055287256163775,0.26207489188719507,0
07,92,536,34,0.031736310571432114,1.0645421866795892,0.4563549264111907,0.02635892849564156,0.24135692745341614,0
07,93,536,34,0.03218512609601021,1.1580435397229285,0.4660593701926581,0.03556268708801134,0.2508110286403347,0
07,94,536,34,0.03384678438305855,1.4403247304010667,0.5019883177169858,0.06334889391396017,0.282668605815473,0
07,95,536,34,0.03353762999176979,1.6784199684963046,0.4953036750391823,0.08678567875284525,0.29104467689601377,0
07,96,536,34,0.03296665474772453,1.9165152065915427,0.48295785174874334,0.11022246359173034,0.29659015767023683,0
07,97,536,34,0.03232791647315025,2.1546104446867806,0.46914683288413406,0.1336592484306154,0.3014030406573747,0
07,98,536,36,0.032684337347745895,0.9250777495052306,0.47685348773593833,0.012630816867368628,0.24474215230165347,0
07,99,536,36,0.031338199973106384,0.8723292540086435,0.44774684200080805,0.007438545281349301,0.22759269364107867,0
07,100,536,36,0.03140542283654213,0.909729795225979,0.4492003578961299,0.011120048718297191,0.23016020330721354,0
07,101,536,36,0.031988725066185,1.0066642433054647,0.46181271951284314,0.020661742291380125,0.24123723090211163,0
07,102,536,36,0.030826151371002197,1.1359101740781132,0.4366751508484794,0.03338400038882413,0.23502957561865176,0
07,103,536,36,0.03185853734612465,1.2974675875439243,0.4589977558113297,0.04928682301062918,0.25414228941097944,0
07,104,536,36,0.030750516802072525,1.4879437780201148,0.43503975416115775,0.06803625088173725,0.2515380025214475,0
07,105,536,36,0.029714280739426613,1.6784199684963053,0.41263390128044575,0.08678567875284532,0.24970979001664553,0
07,106,536,36,0.030246829614043236,1.8688961589724957,0.42414885638245337,0.10553510662395339,0.26484198150320337,0
07,107,536,38,0.02833394706249237,0.7056827820186596,0.3827878513246945,0.0,0.19139392566234725,0
07,108,536,38,0.030182700604200363,0.7753948059291579,0.42276223685460534,0.0,0.21138111842730267,0
07,109,536,38,0.028036197647452354,0.8621107476069314,0.37634981096961345,0.00643269175052018,0.19139125136006682,0
07,110,536,38,0.02883334457874298,1.0066642433054647,0.39358599634343977,0.020661742291380125,0.20712386931740995,0
07,111,536,38,0.03014221414923668,1.1835292216971607,0.421886824787531,0.03807135735660113,0.22997909107206604,0
07,112,536,42,0.030012156814336777,2.41681812674179,0.419074680318843,0.15946952954580482,0.2892721049323239,0
07,113,536,42,0.029607675969600677,2.068177228482572,0.4103288562475571,0.12515123832794972,0.2677400472877534,0
07,114,536,42,0.029377099126577377,1.751847812916515,0.40534324436942226,0.09401351163445557,0.24967837800193893,0
07,115,536,45,0.029923787340521812,4.131103841027504,0.4171639251339787,0.3282143803857774,0.372689152759878,0
07,116,536,45,0.031100420281291008,3.639605799911143,0.44260548764644136,0.27983401826459126,0.36121975295551634,0
07,117,536,45,0.030983928591012955,3.1804192414879435,0.44008666421587,0.23463422066776612,0.33736044244181806,0
07,118,536,45,0.030788486823439598,2.7535441657579054,0.4358607550346999,0.19261498759530182,0.31423787131500086,0
07,119,536,45,0.033596113324165344,2.4542186679591254,0.4965682217856859,0.1631510329827527,0.32985962738421926,0
07,120,536,45,0.037211429327726364,2.187204652853508,0.5747398290218177,0.1368676428945646,0.35580373595819115,0
07,121,536,45,0.03425733000040054,1.9575911789652263,0.5108652763894125,0.11426575624332438,0.3125655163163684,0
07,122,536,45,0.03378276154398918,1.7926006704632673,0.500603993850153,0.09802499864080604,0.2993144962454795,0
07,123,536,45,0.03199620544910431,1.6922331273476325,0.4619744629275179,0.08814537008700969,0.2750599165072638,0
07,124,536,45,0.03524395078420639,1.6513994910941494,0.53219833063051,0.08412593166934852,0.3081621311499293,0
07,125,536,45,0.033931586891412735,1.6428773375338277,0.5038219467466952,0.08328705777604829,0.29355450226137175,0
07,126,536,45,0.032692622393369675,1.6666666666666674,0.4770326298446219,0.08562874840710899,0.28133068912586545,0
07,127,536,45,0.03415875509381294,1.7227674784926699,0.5087338558238204,0.09115100356253075,0.2999424296931755,0
07,128,536,48,0.034076981246471405,1.5749020558180866,0.5069657135451721,0.07659594515792371,0.29178082935154787,0
07,129,536,48,0.034405045211315155,1.2976695343107558,0.5140592255321833,0.04930670153890636,0.28168296353554484,0
07,130,536,49,0.035470858216285706,1.4473524778868272,0.5371046012419841,0.06404066669800848,0.3005726339699963,0
07,131,536,49,0.03364066407084465,1.0935821317500696,0.49753151336740675,0.029217460861911095,0.26337448711465894,0
07,132,536,49,0.03301878646016121,0.8367462336927977,0.48408506158189013,0.003935948598896649,0.2440105050903934,0
07,133,536,49,0.03288352116942406,0.8656246213498113,0.4811603088992005,0.0067785781425442945,0.24396944352087238,0
07,134,536,49,0.03446512669324875,0.9591259743931493,0.5153583280181767,0.015982336734913945,0.2656703323765453,0
07,135,536,49,0.03331039100885391,1.1172502928228116,0.4903902355213805,0.03154722437600561,0.2609687299486931,0
07,136,536,49,0.036323223263025284,1.185265963891918,0.5555347317174124,0.03824231269978553,0.29688852220859896,0
07,137,536,49,0.03619339317083359,1.2855931176541873,0.5527275007687917,0.048117965547926515,0.3004227331583591,0
07,138,536,49,0.03663023188710213,1.4182317541096179,0.562172977877859,0.06117418292042843,0.3116735803991437,0
07,139,536,49,0.036470722407102585,1.5831818732582101,0.5587240089886438,0.07741096481729129,0.31806748690296754,0
07,140,536,49,0.03436553478240967,1.7736580637344006,0.5132049174365456,0.09616039268839936,0.3046826550624725,0
07,141,536,49,0.03435615077614784,1.964134254210591,0.5130020132226184,0.11490982055950744,0.31395591689106295,0
07,142,536,50,0.0362686812877655,1.2957712347025325,0.5543554063517484,0.04911984337310015,0.3017376248624243,0
07,143,536,50,0.03645090013742447,1.4709398602528383,0.5582954050496576,0.06636247880079228,0.3123289419252249,0
07,144,536,50,0.035557907074689865,1.6784199684963053,0.5389868016258015,0.08678567875284532,0.31288624018932343,0
07,145,536,50,0.03473202511668205,1.9165152065915434,0.5211292976119882,0.11022246359173041,0.3156758806018593,0
07,146,536,50,0.035891368985176086,2.1546104446867815,0.5461970298517888,0.1336592484306155,0.3399281391412021,0
07,147,536,50,0.03534826636314392,2.3927056827820197,0.5344538779899337,0.15709603326950058,0.34577495562971716,0
07,148,536,50,0.03590702265501022,2.630800920877258,0.5465354988898681,0.1805328181083857,0.3635341584991269,0
07,149,536,50,0.035173799842596054,2.726039016115353,0.5306815028208783,0.18990753204393973,0.36029451743240903,0
07,150,536,50,0.03523795306682587,2.821277111353448,0.5320686459205367,0.19928224597949376,0.3656754459500152,0
07,151,536,53,0.03414348512887955,1.2176178359384462,0.5084036833851989,0.04142685292980194,0.27491526815750045,0
07,152,536,53,0.03509582579135895,1.096853669372754,0.5289955210417162,0.02953949302000282,0.2792675070308595,0
07,153,536,54,0.03358345851302147,1.0952380952380945,0.49629459510259316,0.02938046479378463,0.2628375299481889,0
07,154,536,54,0.03494366630911827,0.8979361040429742,0.5257054763343502,0.009959142666905368,0.26783230950062775,0
07,155,536,56,0.035099975764751434,1.9882466981703613,0.5290852531950766,0.11728331683581163,0.3231842850154441,0
07,156,536,56,0.03616611659526825,1.6872248475301908,0.5521377172616958,0.08765238258573357,0.3198950499237147,0
07,157,536,56,0.03576982021331787,1.4185144795831817,0.5435688604623424,0.06120201286001645,0.30238543666117945,0
07,158,536,58,0.03594216704368591,2.893008602932266,0.5472954029606061,0.20634309922357494,0.3768192510920905,0
07,159,536,58,0.03480825200676918,2.4967486570540003,0.5227775016712886,0.16733745103794287,0.3450574763546157,0
07,160,536,58,0.03645297512412071,2.132800193868896,0.5583402711263378,0.13151236737667174,0.34492631925150474,0
07,161,536,58,0.03512844070792198,1.8045559190597353,0.5297007319956393,0.09920180751481941,0.31445126975522936,0
07,162,536,58,0.03417397290468216,1.5409346096368988,0.5090629005693116,0.0732523767016891,0.29115763863550037,0
07,163,536,58,0.0364837720990181,1.3895553132194356,0.5590061739197224,0.058351431905057954,0.3086788029123902,0
07,164,536,60,0.0366213396191597,2.324972737186477,0.5619807061991595,0.1504287748853087,0.3562047405422341,0
07,165,536,60,0.03562772274017334,1.9167979320651072,0.5404963799795962,0.11025029353131843,0.3253733367554573,0
07,166,536,61,0.03357953950762749,2.3215800315036947,0.4962098570188094,0.15009481561025076,0.32315233631453005,0
07,167,536,61,0.03520827740430832,1.836867401752898,0.5314269885294515,0.10238237203918048,0.31690468028431595,0
07,168,536,61,0.03563044220209122,1.4490892200815872,0.5405551811213853,0.06421162204119314,0.30238340158128924,0
07,169,536,61,0.036002784967422485,1.1565491336483715,0.5486061045759386,0.035415585978759816,0.2920108452773492,0
07,170,536,61,0.03629213944077492,0.9371137768084351,0.5548626266118116,0.013815577152693262,0.2843391018822524,0
07,171,536,61,0.033447135239839554,0.8146128680479843,0.4933469663592623,0.0017572618997096267,0.24755211412948597,0
07,172,536,61,0.03638670966029167,0.9319035502241619,0.5569074564549061,0.013302711123139974,0.28510508378902305,0
07,173,536,61,0.036340344697237015,1.1325578577486977,0.5559049372621561,0.033054016819421675,0.29447947704078886,0
07,174,536,61,0.03629365935921669,1.413142695585444,0.5548954908116062,0.06067324400784149,0.3077843674097238,0
07,175,536,61,0.03525567427277565,1.726039016115353,0.5324518199362777,0.09147303572062233,0.31196242782845,0
07,176,536,61,0.03654339909553528,1.964134254210591,0.5602954493655811,0.11490982055950744,0.3376026349625443,0
07,177,536,61,0.03620728477835655,2.202229492305829,0.5530278698889721,0.1383466053983925,0.3456872376436823,0
07,178,536,61,0.0368809700012207,2.440324730401067,0.5675945237003265,0.16178339023727759,0.36468895696880205,0
07,179,536,61,0.03853139281272888,2.58318187325821,0.6032805339046049,0.17584546114060864,0.38956299752260676,0
07,180,536,61,0.03753013536334038,2.726039016115353,0.5816310006414669,0.18990753204393973,0.3857692663427033,0
07,181,536,62,0.036670032888650894,2.0100569489882467,0.5630335688352222,0.11943019788975541,0.3412318833624888,0
07,182,536,62,0.03626143932342529,2.137606526919505,0.5541988181056688,0.1319854763496705,0.3430921472276697,0
07,183,536,64,0.03516914322972298,1.3247304010662786,0.5305808159342531,0.051970424328058644,0.2912756201311559,0
07,184,536,64,0.038092877715826035,1.3570418837594413,0.5937988095163526,0.05515098885241971,0.32447489918438616,0
07,185,536,64,0.0394345261156559,1.3264267539076704,0.622808393092776,0.05213740396558768,0.33747289852918183,0
07,186,536,64,0.037493109703063965,1.3281231067490609,0.5808304190685324,0.052304383603116573,0.3165674013358245,0
07,187,536,64,0.03605141490697861,1.3179046003473487,0.5496575978703432,0.05129853007228744,0.3004780639713153,0
07,188,536,64,0.03812733292579651,1.3723090593319607,0.5945438119278699,0.0566538055901803,0.3255988087590251,0
07,189,536,64,0.03848302736878395,1.4879437780201148,0.6022347596253607,0.06803625088173725,0.33513550525354896,0
07,190,536,66,0.03897930681705475,0.848620703582536,0.6129654847048216,0.005104806061599446,0.30903514538321053,0
07,191,536,66,0.04113855957984924,0.7108526192495659,0.6596535912853935,0.0,0.32982679564269674,0
07,192,536,66,0.03857823833823204,0.6377075003029213,0.6042934439840547,0.0,0.30214672199202736,0
07,193,536,66,0.03927144408226013,0.6359707581081641,0.6192821772241419,0.0,0.30964108861207096,0
07,194,536,66,0.03586887568235397,0.7311684639928925,0.5457106719146343,0.0,0.27285533595731715,0
07,195,536,66,0.03538873419165611,0.9165152065915421,0.5353288873094616,0.011787967268412908,0.27355842728893726,0
07,196,536,66,0.03496559336781502,1.1546104446867802,0.5261795907460911,0.035224752107298,0.28070217142669457,0
07,197,536,69,0.034309327602386475,1.4644371743608389,0.5119895864402244,0.06572239019026457,0.2888559883152445,0
07,198,536,69,0.0363982692360878,1.1242780403085741,0.5571574015822646,0.0322389971600541,0.2946981993711593,0
07,199,536,69,0.0334797278046608,0.8538309301668079,0.4940516940161296,0.005617672091152603,0.2498346830536411,0
07,200,536,69,0.03392339125275612,0.6803182681045272,0.5036447378262349,0.0,0.25182236891311743,0
07,201,536,69,0.03393755480647087,0.6037400541217322,0.5039509870605942,0.0,0.2519754935302971,0
07,202,536,69,0.03399127721786499,0.6717153358374718,0.5051125915342121,0.0,0.25255629576710603,0
07,203,536,74,0.03157835826277733,4.03586574578941,0.45293962721686293,0.3188396664502235,0.3858896468335432,0
07,204,536,74,0.03463174030184746,3.5919867522920947,0.5189609048216274,0.2751466612968142,0.3970537830592208,0
07,205,536,74,0.033424120396375656,3.180419241487943,0.4928493314908058,0.23463422066776604,0.36374177607928593,0
07,206,536,74,0.034956615418195724,2.8011632133769524,0.5259854664286776,0.19730234456307877,0.3616439054958782,0
07,207,536,76,0.03617848828434944,4.03586574578941,0.5524052221820817,0.3188396664502235,0.4356224443161526,0
07,208,536,76,0.034773655235767365,3.496748657054,0.5220294383784178,0.2657719473612602,0.393900692869839,0
07,209,536,76,0.0340258814394474,2.9933357566945347,0.5058608159261014,0.21621875207171587,0.3610397839989087,0
07,210,536,76,0.032634489238262177,2.5545458217213928,0.47577565475199257,0.17302668583089348,0.324401170291443,0
07,211,536,76,0.036545511335134506,2.2756169473726713,0.5603411209373543,0.14557046257434722,0.3529557917558508,0
07,212,536,82,0.03644748404622078,7.083484793408456,0.5582215411496293,0.6188305123879524,0.5885260267687908,0
07,213,536,82,0.03656792640686035,6.353891514196857,0.5608257873348135,0.5470133654278811,0.5539195763813474,0
07,214,536,82,0.03565330430865288,5.656609717678419,0.5410495134599606,0.47837678299217096,0.5097131482260657,0
07,215,536,82,0.03516771271824837,4.991639403853143,0.5305498849226817,0.4129207650808216,0.47173532500175164,0
07,216,536,82,0.03659539669752121,4.35898057272103,0.561419759416393,0.35064531169383334,0.45603253555511314,0
07,217,536,82,0.036321643739938736,3.7586332242820775,0.5555005787254691,0.29155042283120597,0.4235255007783375,0
07,218,536,82,0.038696225732564926,3.333454501393431,0.6068446080426101,0.24969816939627074,0.4282713887194404,0
07,219,536,82,0.03476665914058685,2.9405872611979462,0.521878166399952,0.21102648048569644,0.3664523234428242,0
07,220,536,82,0.03585674986243248,2.5800315036956243,0.5454484832618621,0.17553535609948323,0.3604919196806727,1
07,221,536,83,0.03700391203165054,2.4405670665212633,0.5702528186062511,0.16180724447121006,0.3660300315387306,1
07,222,536,77,0.03515322133898735,4.746476028918776,0.530236547331504,0.3887882317522326,0.45951238954186835,1
07,223,536,77,0.03620876371860504,5.011753301829638,0.5530598480441643,0.4149006664972365,0.4839802572707004,1
07,224,536,83,0.03436306491494179,2.125893614443232,0.5131515131118796,0.13083252170958948,0.3219920174107345,1
07,225,536,77,0.03605792298913002,5.5831818732582095,0.5497983178630906,0.4711489501105607,0.5104736339868257,1
07,226,536,77,0.036528702825307846,5.726039016115353,0.5599776815513918,0.4852110210138918,0.5225943512826419,1
07,227,536,77,0.03668377175927162,5.868896158972495,0.5633306354255213,0.4992730919172228,0.531301863671372,1
07,228,536,77,0.03776364400982857,5.9165152065915425,0.586680004983421,0.5039604488849998,0.5453202269342103,1
07,229,536,83,0.0357324555516243,3.093501353043338,0.5427609488840616,0.2260785020972351,0.38441972549064835,1
07,230,536,82,0.0363825224339962,3.4556726846803194,0.5568169188064527,0.26172865470966644,0.40927278675805956,1
07,231,536,82,0.03797954320907593,3.5475180742356325,0.591348251794913,0.2707694093701626,0.4310588305825378,1
07,232,536,83,0.036092787981033325,3.3519528252352693,0.5505521807206311,0.2515190425864677,0.4010356116535494,1
07,233,536,83,0.03617542237043381,3.1427763641504107,0.5523389299359277,0.23092886299688561,0.3916338964664067,1
07,234,536,83,0.03704046458005905,2.9659113857587145,0.5710431703915044,0.21351924793166463,0.39228120916158454,1
07,235,536,83,0.03919314965605736,2.8196615372187894,0.61758926818718,0.1991232177532756,0.40835624297022777,1
07,236,536,83,0.036650750786066055,2.6734116886788644,0.5626166445750844,0.18472718757488665,0.3736719160749855,1
07,237,536,83,0.03829672187566757,2.5271618401389393,0.5982063981157492,0.17033115739649768,0.38426877775612345,1
07,238,536,83,0.03597419708967209,2.3809119915990142,0.547987967641569,0.1559351272181087,0.3519615474298389,1
07,239,536,83,0.03596339747309685,2.234662143059089,0.5477544546141078,0.14153909703971973,0.3446467758269137,1
07,240,536,83,0.03544183820486069,2.0985904115675105,0.5364771205645357,0.1281449446865045,0.3323110326255201,1
07,241,536,83,0.03521178290247917,1.9948301627690936,0.5315027856177029,0.11793135685765024,0.32471707123767657,1
07,242,536,83,0.03877512738108635,1.8655842319964453,0.6085506466495879,0.10520909876020626,0.35687987270489707,1
07,243,536,83,0.03776390850543976,2.0322307039864294,0.5866857239985813,0.12161286029459815,0.35414929214658974,1
07,244,536,83,0.038699086755514145,2.2311886586695744,0.6069064700657526,0.14119718635335093,0.37405182820955174,1
07,245,536,83,0.03780046105384827,2.176743810331597,0.5874760757838347,0.13583793512980274,0.36165700545681867,1
07,246,536,83,0.038873590528964996,2.4403247304010667,0.610679650729901,0.16178339023727756,0.38623152048358933,1
07,247,536,83,0.037859126925468445,2.7260390161153523,0.5887445694562939,0.18990753204393965,0.3893260507501168,1
07,248,536,82,0.036309465765953064,3.9641342542105904,0.5552372623795668,0.31177881320614215,0.4335080377928545,1
07,249,536,82,0.036913350224494934,4.202229492305828,0.5682946600351636,0.33521559804502715,0.4517551290400954,1
07,250,536,83,0.03909158706665039,3.295771234702533,0.6153932469151291,0.24598883601973492,0.430691041467432,1
07,251,536,83,0.03721747174859047,3.280463669776647,0.5748704803259026,0.24448204357631892,0.40967626195111073,1
07,252,536,83,0.038144275546073914,3.297467587543924,0.5949101510961671,0.24615581565726385,0.42053298337671546,1
07,253,536,83,0.037062812596559525,3.297467587543924,0.5715263868977962,0.24615581565726385,0.40884110127753004,1
07,254,536,82,0.03737466782331467,4.249848539924876,0.5782694279698424,0.3399029550128042,0.4590861914913233,1
07,255,536,83,0.03702937811613083,3.31277515246981,0.5708034550518271,0.24766260810067997,0.4092330315762535,1
07,256,536,83,0.036164384335279465,3.280463669776647,0.5521002617398713,0.24448204357631892,0.3982911526580951,1
07,257,536,83,0.03583039343357086,3.249848539924876,0.5448785954835633,0.24146845868948685,0.3931735270865251,1
07,258,536,83,0.03645246475934982,3.249848539924876,0.5583292358435636,0.24146845868948685,0.39989884726652525,1
07,259,536,83,0.035465944558382034,3.249848539924876,0.5369983564392172,0.24146845868948685,0.38923340756435204,1
07,260,536,83,0.03607240691781044,3.249848539924876,0.5501114943552498,0.24146845868948685,0.3957899765223683,1
07,261,536,83,0.035759080201387405,3.249848539924876,0.54333663622703,0.24146845868948685,0.3924025474582584,1
07,262,536,82,0.0343770906329155,4.202229492305828,0.5134547820143948,0.33521559804502715,0.424335190029711,1
07,263,536,82,0.03780169412493706,4.154610444686781,0.587502737671413,0.33052824107725015,0.45901548937433156,1
07,264,536,82,0.04037108272314072,4.106991397067733,0.6430589424783885,0.32584088410947315,0.48444991329393083,1
07,265,536,82,0.036604393273591995,4.059372349448686,0.561614286481353,0.32115352714169615,0.4413839068115246,1
07,266,536,82,0.03824197128415108,4.011753301829638,0.5970225619775644,0.31646617017391915,0.45674436607574176,1
07,267,536,82,0.03677805885672569,3.9641342542105904,0.5653693435059088,0.31177881320614215,0.43857407835602547,1
07,268,536,82,0.03689683601260185,3.916515206591543,0.5679375840604359,0.30709145623836515,0.4375145201494005,1
07,269,536,82,0.03663007915019989,3.916515206591543,0.5621696753479777,0.30709145623836515,0.4346305657931714,1
07,270,536,82,0.03917725384235382,3.916515206591543,0.6172455634309961,0.30709145623836515,0.4621685098346806,1
07,271,536,82,0.038593124598264694,3.868896158972495,0.6046153198232183,0.30240409927058803,0.4535097095469032,1
07,272,536,82,0.036243338137865067,3.8212771113534476,0.5538074280399793,0.29771674230281103,0.42576208517139513,1
07,273,536,82,0.0381404384970665,3.7736580637343997,0.5948271851015879,0.29302938533503403,0.44392828521831096,1
07,274,536,82,0.037454381585121155,3.7260390161153523,0.5799930263698477,0.28834202836725703,0.43416752736855235,1
07,275,536,82,0.03841492906212807,3.7260390161153523,0.6007623145953532,0.28834202836725703,0.4445521714813051,1
07,276,536,82,0.036659520119428635,3.678419968496305,0.5628062581199771,0.28365467139948003,0.4232304647597286,1
07,277,536,83,0.03776555880904198,2.7719617108930095,0.5867214074312013,0.19442790937418777,0.3905746584026945,1
07,278,536,83,0.03822583705186844,2.7090350983480755,0.5966737020527854,0.18823375996299466,0.39245373100789,1
07,279,536,83,0.03675926476716995,2.678419968496305,0.5649629712314894,0.18522017507616265,0.375091573153826,1
07,280,536,83,0.035602178424596786,2.678419968496305,0.5399440519943248,0.18522017507616265,0.3625821135352437,1
07,281,536,83,0.03795763477683067,2.678419968496305,0.5908745401307187,0.18522017507616265,0.38804735760344067,1
07,282,536,83,0.03851671144366264,2.678419968496305,0.6029630882884529,0.18522017507616265,0.39409163168230776,1
07,283,536,83,0.03634089604020119,2.7260390161153523,0.5559168585895324,0.18990753204393965,0.37291219531673603,1
07,284,536,83,0.037904638797044754,2.7736580637343997,0.5897286428114142,0.19459488901171665,0.39216176591156543,1
07,285,536,83,0.036117054522037506,2.8212771113534476,0.5510768802242124,0.19928224597949368,0.3751795631018531,1
07,286,536,83,0.037017662078142166,2.868896158972495,0.570550126845078,0.20396960294727068,0.38725986489617437,1
07,287,536,83,0.03555161878466606,2.916515206591543,0.5388508340541028,0.20865695991504776,0.3737538969845753,1
07,288,536,83,0.03974630683660507,2.9641342542105904,0.6295498231746363,0.21334431688282476,0.4214470700287305,1
07,289,536,83,0.036465488374233246,3.011753301829638,0.5586108369280771,0.21803167385060176,0.3883212553893394,1
07,290,536,83,0.03715050220489502,3.0593723494486857,0.5734224417972132,0.22271903081837877,0.398070736307796,1
07,291,536,83,0.038801368325948715,3.106991397067733,0.6091180373930984,0.22740638778615577,0.4182622125896271,1
07,292,536,83,0.037327561527490616,3.1546104446867806,0.5772508794247416,0.23209374475393277,0.4046723120893372,1
07,293,536,83,0.03794384375214577,3.2022294923058285,0.5905763458472894,0.23678110172170985,0.4136787237844996,1
07,294,536,83,0.03701033443212509,3.249848539924876,0.5703916859602846,0.24146845868948685,0.4059300723248857,1
07,295,536,83,0.038403064012527466,3.297467587543924,0.6005057644082322,0.24615581565726385,0.42333079003274804,1
07,296,536,83,0.03718739002943039,3.3450866351629713,0.5742200430383037,0.25084317262504086,0.41253160783167225,1
07,297,536,83,0.037651896476745605,3.392705682782019,0.5842637613529434,0.25553052959281786,0.41989714547288065,1
07,298,536,83,0.03796776011586189,3.392705682782019,0.5910934736969966,0.25553052959281786,0.42331200164490723,1
07,299,536,83,0.03591179847717285,3.392705682782019,0.546638763360791,0.25553052959281786,0.4010846464768044,1
07,300,536,83,0.036528658121824265,3.392705682782019,0.5599767149572803,0.25553052959281786,0.4077536222750491,1
07,301,536,83,0.051200661808252335,3.392705682782019,0.8772198296429189,0.25553052959281786,0.5663751796178684,1
07,302,536,83,0.06600925326347351,3.392705682782019,1.1974162920870488,0.25553052959281786,0.7264734108399333,1
07,303,536,83,0.07905521243810654,3.392705682782019,1.4795005125572693,0.25553052959281786,0.8675155210750436,1
07,304,536,83,0.08539140224456787,3.392705682782019,1.616503789846559,0.25553052959281786,0.9360171597196885,1
07,305,536,83,0.0934627577662468,3.392705682782019,1.7910254175776879,0.25553052959281786,1.0232779735852529,1
07,306,536,83,0.0903906300663948,3.392705682782019,1.724598814842125,0.25553052959281786,0.9900646722174714,1
07,307,536,83,0.08710391074419022,3.392705682782019,1.6535322381728343,0.25553052959281786,0.9545313838828261,1
07,308,536,83,0.09143856912851334,3.392705682782019,1.7472577140063035,0.25553052959281786,1.0013941217995606,1
07,309,536,107,0.11037518084049225,19.464437174360835,2.1567116515525306,1.8375433240099768,1.9971274877812537,1
07,310,536,107,0.09785711020231247,18.353891514196857,1.8860416187481832,1.7282273213076895,1.8071344700279364,1
07,311,536,107,0.04872198402881622,17.275657336726038,0.8236250053874029,1.622091883129763,1.222858444258583,1
07,312,536,107,0.03457501530647278,16.22973464194838,0.5177343774435135,1.5191370094761978,1.0184356934598555,1
07,313,536,107,0.033211078494787216,15.216123429863888,0.48824286615294693,1.4193627003469935,0.9538027832499703,1
07,314,536,107,0.03301101177930832,14.234823700472553,0.4839169547559806,1.3227689557421498,0.9033429552490653,1
07,315,536,107,0.03067813627421856,13.285835453774382,0.4334747174702099,1.2293557756616673,0.8314152465659386,1
07,316,536,107,0.03255665302276611,12.369158689769373,0.4740926533046746,1.1391231601055458,0.8066079067051102,1
07,317,536,108,0.03005196526646614,11.768811341330423,0.41993543237522474,1.0800282712429186,0.7499818518090716,1
07,318,536,108,0.029525740072131157,10.80621188254776,0.4085572100652542,0.9852752783565494,0.6969162442109018,1
07,319,536,108,0.03207359090447426,9.90823538915142,0.4636477178842106,0.8968834145189019,0.6802655662015562,1
07,320,536,134,0.030808165669441223,32.46443717436083,0.4362862578175781,3.1171917762131023,1.7767390170153403,1
07,321,536,134,0.029753131791949272,30.068177228482575,0.41347395211293736,2.8813171353808364,1.647395543746887,1
07,322,536,134,0.030123548582196236,27.704228765297472,0.4214832314711824,2.6486230590729307,1.5350531452720566,1
07,323,536,134,0.0317443385720253,25.372591784805525,0.45652851060373256,2.419109547289385,1.4378190289465589,1
07,324,536,134,0.030501751229166985,23.073266287006746,0.42966085930386483,2.1927766000302014,1.311218729667033,1
07,325,536,133,0.031505730003118515,20.330061795710648,0.45136923398354656,1.922750647617608,1.1870599408005773,1
07,326,536,133,0.029501155018806458,18.14297831091724,0.40802562357862765,1.707466186374923,1.0577459049767752,1
07,327,536,133,0.029540421441197395,15.988206308816993,0.40887465568140624,1.4953622896565992,0.9521184726690027,1
07,328,536,133,0.030452540144324303,13.865745789409909,0.42859680028600944,1.2864389574626363,0.8575178788743228,1
07,329,536,133,0.028942707926034927,11.77559675269599,0.3959506882879652,1.0806961897930347,0.7383234390405,1
07,330,536,133,0.02984638884663582,10.86061634153237,0.4154903882540035,0.9906305538744421,0.7030604710642228,1
07,331,536,133,0.030038798227906227,9.977947413061916,0.41965073013460324,0.9037454824802106,0.6616981063074069,1
07,332,536,133,0.02887207828462124,9.127589967284623,0.3944235098663884,0.8200409756103401,0.6072322427383643,1
07,333,536,133,0.02841183915734291,8.309544004200493,0.384472061014652,0.7395170332648306,0.5619945471397413,1
07,334,536,133,0.03135440871119499,7.523809523809523,0.44809731291577315,0.662173655443682,0.5551354841797276,0
07,335,536,133,0.03003663755953312,6.770386526111715,0.41960401141920917,0.5880108421468944,0.5038074267830518,0
07,336,536,133,0.0295387115329504,6.049275011107071,0.40883768345663746,0.5170285933744679,0.4629331384155527,0
07,337,536,133,0.030052756890654564,5.3604749787955885,0.41995254914595104,0.4492269091264024,0.4345897291361767,0
07,338,536,133,0.030681157484650612,4.751605476796316,0.4335400431222523,0.3892931463704749,0.4114165947463636,0
07,339,536,133,0.029162365943193436,4.175047457490205,0.40070020955434116,0.3325399481389084,0.3666200788466248,0
07,340,536,133,0.030101794749498367,3.630800920877257,0.421012862611624,0.278967314431703,0.34999008852166347,0
07,341,536,134,0.030026482418179512,2.7243426632739625,0.41938443345685683,0.1897405524064108,0.30456249293163384,0
07,342,536,134,0.02983948588371277,2.66141605072903,0.4153411300132702,0.18354640299521782,0.29944376650424404,0
07,343,536,134,0.03020472638309002,2.630800920877258,0.42323848582834267,0.1805328181083857,0.3018856519683642,0
07,344,536,134,0.02889058366417885,2.630800920877258,0.39482363955383704,0.1805328181083857,0.2876782288311114,0
07,345,536,134,0.029112132266163826,2.630800920877258,0.39961403969618287,0.1805328181083857,0.29007342890228427,0
07,346,536,137,0.031230850145220757,1.4030049678904661,0.44542568706605934,0.059675341888323394,0.25255051447719135,0
07,347,536,138,0.029319964349269867,1.4761904761904776,0.4041078565452854,0.06687932053600099,0.2354935885406432,0
07,348,536,138,0.028568632900714874,1.2704067207884022,0.3878623093115874,0.046623100221476955,0.21724270476653218,0
07,349,536,138,0.030104652047157288,1.0986308009208774,0.42107464408525724,0.029714424068842626,0.22539453407704993,0
07,350,536,138,0.02999284863471985,0.9897814935982878,0.41865719221214015,0.018999897327401538,0.21882854476977084,0
07,351,536,138,0.0296848826110363,0.913243668968861,0.4119982448278034,0.011465935110321514,0.21173208996906245,0
07,352,536,138,0.02835286781191826,0.8690173270325943,0.3831969622824301,0.00711253741760229,0.1951547498500162,0
07,353,536,138,0.028534309938549995,0.8638878791550548,0.3871201664076501,0.006607622799359986,0.19686389460350506,0
07,354,536,139,0.027524830773472786,0.7534229976978056,0.3652928603774867,0.0,0.18264643018874335,0
07,355,536,139,0.028495756909251213,0.6955854436770472,0.3862865595359026,0.0,0.1931432797679513,0
07,356,536,139,0.028896981850266457,0.7108526192495639,0.39496198333606014,0.0,0.19748099166803007,0
07,357,536,139,0.03029811568558216,0.8213578900601785,0.42525778147698895,0.0024212047441696492,0.2138394931105793,0
07,358,536,141,0.030477380380034447,1.1072337331879314,0.42913390441402305,0.0305612493734537,0.2298475768937384,0
07,359,536,142,0.029926147311925888,1.5664606809644979,0.4172149532481204,0.0757650226759344,0.2464899879620274,0
07,360,536,142,0.029988713562488556,1.2092976291449593,0.41856778225681696,0.040607857564779214,0.22958781991079807,0
07,361,536,142,0.030069075524806976,0.9269356597600863,0.4203053962714405,0.012813699327519277,0.2165595477994799,0
07,362,536,142,0.030423082411289215,0.8112605517185668,0.42795985504121825,0.001427278330306987,0.21469356668576262,0
07,363,536,142,0.029993081465363503,0.7652974675875468,0.4186622265564714,0.0,0.2093311132782357,0
07,364,536,142,0.029246006160974503,0.8162688315360072,0.40250870713714887,0.0019202658315829629,0.2022144864843659,0
07,365,536,142,0.028168724849820137,0.9641746435639559,0.37921535976296744,0.01647929994184535,0.19784732985240638,0
07,366,536,142,0.028332633897662163,1.2022294923058285,0.38275945762266617,0.039912109075075086,0.21133578334887063,0
07,367,536,145,0.027715545147657394,1.4168181267417905,0.3694165522313549,0.06103503322248748,0.2152257927269212,0
07,368,536,145,0.026387857273221016,1.120885334625794,0.3407088279410338,0.03190503788499639,0.1863069329130151,0
07,369,536,145,0.027209967374801636,0.8895755078961177,0.3584847755766806,0.009136171596226882,0.18381047358645375,0
07,370,536,145,0.029766451567411423,0.7296740579183314,0.41376195688344014,0.0,0.20688097844172007,0
07,371,536,145,0.026956334710121155,0.659921644654469,0.353000642785487,0.0,0.1765003213927435,0
07,372,536,145,0.02791544236242771,0.6649703138252748,0.373738798625648,0.0,0.186869399312824,0
07,373,536,145,0.027118680998682976,0.7669534310755663,0.3565109501260343,0.0,0.17825547506301714,0
07,374,536,145,0.026426639407873154,0.9658709964053462,0.34154738860760336,0.01664627957937424,0.1790968340934888,0
07,375,536,145,0.027686849236488342,1.2022294923058285,0.36879607936121556,0.039912109075075086,0.20435409421814532,0
07,376,536,145,0.029955387115478516,1.4879437780201141,0.4178471863466175,0.06803625088173718,0.24294171861417735,0
07,377,536,145,0.030462918803095818,1.7736580637344,0.42882121121891975,0.0961603926883993,0.26249080195365954,0
07,378,536,148,0.02892497181892395,0.96263984813603,0.39556719207418706,0.016328223126938136,0.2059477076005626,0
07,379,536,148,0.02949378453195095,0.8384425865341901,0.40786625637447727,0.004102928236425745,0.2059845923054515,0
07,380,536,148,0.02940457873046398,0.7516862555030498,0.4059374178247751,0.0,0.20296870891238755,0
07,381,536,148,0.027835901826620102,0.7295528898582323,0.3720189457778252,0.0,0.1860094728889126,0
07,382,536,148,0.028291160240769386,0.7720424895997404,0.3818626999356272,0.0,0.1909313499678136,0
07,383,536,148,0.030129969120025635,0.8791550547275742,0.42162205855046125,0.008110439537120581,0.21486624904379092,0
07,384,536,148,0.02915484458208084,1.0508905852417307,0.4005375800950641,0.025015139984099283,0.2127763600395817,0
07,385,536,148,0.02862902730703354,1.277070964093865,0.38916817795636194,0.04727909165462622,0.2182236348054941,0
07,386,536,149,0.02860368974506855,0.8706732905206193,0.38862032046885675,0.007275541349475834,0.1979479309091663,0
07,387,536,149,0.028807908296585083,1.0304939617916746,0.3930360042939381,0.023007408628096648,0.20802170646101736,0
07,388,536,149,0.028901271522045135,1.1325174683953316,0.39505473609601927,0.03305004111376627,0.21405238860489276,0
07,389,536,149,0.030409472063183784,1.2974675875439237,0.42766556740899003,0.049286823010629116,0.23847619520980956,0
07,390,536,149,0.028677010908722878,1.4879437780201141,0.3902056959109029,0.06803625088173718,0.22912097339632004,0
07,391,536,149,0.029026584699749947,1.6784199684963046,0.39776430076461344,0.08678567875284525,0.24227498975872935,0
07,392,536,149,0.029356103390455246,1.868896158972495,0.40488926733500646,0.10553510662395332,0.2552121869794799,0
07,393,536,149,0.02884230762720108,2.0593723494486857,0.39377979846281597,0.12428453449506141,0.2590321664789387,0
07,394,536,149,0.027898386120796204,2.249848539924876,0.3733700026973171,0.14303396236616947,0.2582019825317433,0
07,395,536,152,0.02780843898653984,0.9472918938567825,0.37142513479526423,0.014817454977867104,0.19312129488656568,0
07,396,536,152,0.028062887489795685,0.8843248919584819,0.3769269079289946,0.008619329861018514,0.19277311889500653,0
07,397,536,152,0.0277466531842947,0.9182923381396668,0.3700891809087661,0.011962898317252845,0.19102603961300946,0
07,398,536,152,0.02812052145600319,1.0424088210347757,0.3781730893873777,0.024180241796454525,0.2011766655919161,0
07,399,536,152,0.027160467579960823,1.0764166565693292,0.35741447397185444,0.02752778595834451,0.19247112996509946,0
07,400,536,152,0.026622751727700233,1.1427359747970451,0.3457877967004475,0.03405589464459553,0.18992184567252152,0
07,401,536,152,0.027790525928139687,1.2413667757179212,0.3710378124797943,0.043764567855207354,0.2074011901675008,0
07,402,536,152,0.026706524193286896,1.37230905933196,0.34759915379083534,0.05665380559018024,0.2021264796905078,0
07,403,536,152,0.02721228450536728,1.5355628256391618,0.35853487737146533,0.0727236078495142,0.21562924261048977,0
07,404,536,152,0.02932208590209484,1.7260390161153523,0.40415372949083184,0.09147303572062228,0.24781338260572705,0
07,405,536,154,0.030814794823527336,0.7686497839169595,0.4364295956693778,0.0,0.2182147978346889,0
07,406,536,154,0.02986961230635643,0.775435195282524,0.4159925338949808,0.0,0.2079962669474904,0
07,407,536,155,0.027390828356146812,0.7585120562219797,0.3623954139784498,0.0,0.1811977069892249,0
07,408,536,155,0.030163060873746872,0.6411405953390696,0.4223375798415748,0.0,0.2111687899207874,0
07,409,536,155,0.029201660305261612,0.6207035825356426,0.4015498457784395,0.0,0.20077492288921975,0
07,410,536,157,0.028348801657557487,1.472918938567793,0.38310904249302896,0.06655728837790924,0.2248331654354691,0
07,411,536,157,0.027965987101197243,1.1650712872086926,0.3748316943678329,0.03625445987205999,0.20554307711994646,0
07,412,536,157,0.029307924211025238,0.921846601235915,0.4038475205312272,0.012312760414932589,0.20808014047307988,0
07,413,536,157,0.027206309139728546,0.7466375863322412,0.35840567595854783,0.0,0.17920283797927392,0
07,414,536,157,0.028712743893265724,0.6734520780322297,0.39097832680411027,0.0,0.19548916340205513,0
07,415,536,157,0.02862386964261532,0.7295125005048668,0.38905665716073584,0.0,0.19452832858036792,0
07,416,536,161,0.02730586752295494,3.131103841027505,0.3605583615945952,0.2297798840624601,0.29516912282852764,0
07,417,536,161,0.026502303779125214,2.734843895149239,0.34318342969099935,0.190774235876828,0.26697883278391366,0
07,418,536,161,0.026885636150836945,2.3708954319641333,0.35147197419798815,0.15494915221555675,0.25321056320677243,0
07,419,536,161,0.027304967865347862,2.0392584514721905,0.3605389088880992,0.12230463307864652,0.24142177098337286,0
07,420,536,161,0.02826945297420025,1.7399329536734105,0.3813933379449351,0.09284067846609736,0.23711700820551623,0
07,421,536,161,0.028033727779984474,1.472918938567793,0.3762964066449474,0.06655728837790924,0.22142684751142833,0
07,422,536,161,0.0273728109896183,1.2450018175209003,0.3620058362767195,0.044122381364197806,0.20306410882045867,0
07,423,536,163,0.028339065611362457,2.0749626398481342,0.38289852635047295,0.12581915687806539,0.25435884161426914,0
07,424,536,163,0.0270579531788826,1.6514802698008797,0.35519787230017735,0.08413388308065917,0.21966587769041826,0
07,425,536,163,0.02661909908056259,1.292620865139948,0.34570881790657865,0.04880973833197483,0.19725927811927674,0
07,426,536,164,0.026922544464468956,1.5562421745627844,0.3522700184613797,0.07475916914510512,0.2135145938032424,0
07,427,536,164,0.027625352144241333,1.2160830405105212,0.36746636806168814,0.04127577611489481,0.20437107208829147,0
07,428,536,164,0.02619520016014576,1.020477402156791,0.33654312951806553,0.02202143362554441,0.17928228157180498,0
07,429,536,164,0.02785418927669525,0.9201098590411564,0.37241436331897976,0.012141805071748073,0.1922780841953639,0
07,430,536,164,0.027394097298383713,0.8843652813118446,0.36246609617286074,0.008623305566673595,0.18554470086976715,0
07,431,536,165,0.026997901499271393,0.7993456924754628,0.35389941421025845,0.0002544451619488242,0.17707692968610364,0
07,432,536,165,0.02796158380806446,0.7823013853548221,0.3747364848478401,0.0,0.18736824242392006,0
07,433,536,165,0.028745580464601517,0.8621915263136644,0.3916883304538368,0.006440643161831087,0.19906448680783392,0
07,434,536,167,0.027702128514647484,1.1412819580758502,0.36912645317361026,0.03391276924099903,0.20151961120730463,0
07,435,536,167,0.02641257643699646,0.7517670342097834,0.34124331420999515,0.0,0.17062165710499758,0
07,436,536,167,0.027123786509037018,0.49149804111636236,0.3566213432285302,0.0,0.1783106716142651,0
07,437,536,167,0.027145691215991974,0.44723130982672743,0.35709497434321524,0.0,0.17854748717160762,0
07,438,536,167,0.025753803551197052,0.5254250979441792,0.3269991000843695,0.0,0.16349955004218475,0
07,439,536,167,0.02374241314828396,0.7005533341411194,0.28350812435218586,0.0,0.14175406217609293,0
07,440,536,168,0.024626480415463448,0.43366048709560395,0.30262373115175867,0.0,0.15131186557587933,0
07,441,536,168,0.025329478085041046,0.5016357688113422,0.3178241887770415,0.0,0.15891209438852075,0
07,442,536,168,0.02528918907046318,0.698856981299729,0.31695304583396,0.0,0.15847652291698,0
07,443,536,168,0.0265449620783329,1.011753301829638,0.3441058021219957,0.02116268120396702,0.18263424166298137,0
07,444,536,168,0.026740072295069695,1.249848539924876,0.34832454239683813,0.04459946604285209,0.1964620042198451,0
07,445,536,170,0.026870569214224815,0.581687467183649,0.3511461917076235,0.0,0.17557309585381176,0
07,446,536,171,0.026229169219732285,1.0426511571549741,0.3372776202186193,0.024204096030387205,0.18074085812450325,0
07,447,536,171,0.026436038315296173,0.7807262005735308,0.3417506150195677,0.0,0.17087530750978386,0
07,448,536,171,0.026810528710484505,0.5851205622197981,0.3498479752662325,0.0,0.17492398763311626,0
07,449,536,171,0.026646822690963745,0.5000201946766827,0.34630826735479064,0.0,0.17315413367739532,0
07,450,536,171,0.027346355840563774,0.5441657579062158,0.36143381393642426,0.0,0.18071690696821213,0
07,451,536,171,0.028934454545378685,0.7175572519083974,0.39577223085011065,0.0,0.19788611542505533,0
07,452,536,173,0.02957688830792904,1.0018175209014881,0.40966315482794574,0.020184657612725757,0.21492390622033575,0
07,453,536,173,0.027595102787017822,0.7313704107597219,0.3668123060461707,0.0,0.18340615302308536,0
07,454,536,173,0.02945978194475174,0.5629468072216152,0.40713104072833983,0.0,0.20356552036416992,0
07,455,536,173,0.028605403378605843,0.5152873702491994,0.3886573732431348,0.0,0.1943286866215674,0
07,456,536,173,0.02865155227482319,0.564562381356272,0.3896552205643455,0.0,0.19482761028217274,0
07,457,536,173,0.028720544651150703,0.7107718405428329,0.3911469974765849,0.0,0.19557349873829244,0
07,458,536,173,0.029297102242708206,0.9403449250777507,0.40361352420671015,0.014133633605129299,0.20887357890591973,0
07,459,536,175,0.028075454756617546,0.7875116119390926,0.3771986416986188,0.0,0.1885993208493094,0
07,460,536,175,0.027229486033320427,0.5867765257078231,0.35890681473065894,0.0,0.17945340736532947,0
07,461,536,175,0.027218468487262726,0.5544246536612948,0.3586685895569036,0.0,0.1793342947784518,0
07,462,536,175,0.02747183106839657,0.6190072296942523,0.364146882508673,0.0,0.1820734412543365,0
07,463,536,175,0.028845511376857758,0.7805242538066953,0.3938490710408141,0.0,0.19692453552040706,0
07,464,536,177,0.02925339713692665,0.9099721313461766,0.40266851736360043,0.011143902952229792,0.2069062101579151,0
07,465,536,178,0.02891610376536846,1.4168181267417905,0.39537544396729796,0.06103503322248748,0.22820523859489272,0
07,466,536,178,0.027735764160752296,1.0681772284825723,0.36985373469308164,0.026716742004632407,0.19828523834885703,0
07,467,536,179,0.0292113795876503,1.6549133648370287,0.4017599994482037,0.08447181806137258,0.2431159087547881,0
07,468,536,179,0.02968335524201393,1.307968819419201,0.4119652195289903,0.0503205064810464,0.23114286300501835,0
07,469,536,179,0.026458775624632835,1.025647239387696,0.3422422489495814,0.022530323949442082,0.18238628644951174,0
07,470,536,179,0.029383396729826927,0.8198230946322527,0.40547941331489423,0.0022701279292624446,0.20387477062207834,0
07,471,536,179,0.02996095083653927,0.7143261036390784,0.41796748703875736,0.0,0.20898374351937868,0
07,472,536,179,0.030159367248415947,0.7057635607253926,0.42225771500310366,0.0,0.21112885750155183,0
07,473,536,180,0.02659718506038189,0.7262813522355506,0.34523498541812037,0.0,0.17261749270906018,0
07,474,536,180,0.027075331658124924,0.6616179974958595,0.3555736357610627,0.0,0.17778681788053136,0
07,475,536,181,0.027354346588253975,0.8521345773254154,0.3616065926338731,0.005450692453623506,0.18352864254374832,0
07,476,536,181,0.027771608904004097,0.6769255624217443,0.37062878207156796,0.0,0.18531439103578398,0
07,477,536,181,0.02739192545413971,0.6343551839735025,0.36241913580893875,0.0,0.18120956790446938,0
07,478,536,181,0.02782202698290348,0.7193343834565188,0.37171893913043663,0.0,0.18585946956521832,0
07,479,536,181,0.029188131913542747,0.8978553253362398,0.4012573302354159,0.009951191255594318,0.20560426074550509,0
07,480,536,181,0.02761104330420494,1.129124762712548,0.3671569773964662,0.03271608183870821,0.1999365296175872,0
07,481,536,181,0.02910827472805977,1.392705682782019,0.3995306306793025,0.05866153694618316,0.22909608381274282,0
07,482,536,181,0.028222519904375076,1.6784199684963046,0.38037853495201673,0.08678567875284525,0.233582106852431,0
07,483,536,181,0.028641313314437866,1.9641342542105904,0.38943383023803396,0.11490982055950737,0.25217182539877064,0
07,484,536,183,0.027595920488238335,0.8127953471464926,0.36682998666346206,0.0015783551452141918,0.18420417090433813,0
07,485,536,184,0.026715293526649475,0.7159416777737406,0.347788767335728,0.0,0.173894383667864,0
07,486,536,184,0.02973175048828125,0.6665858879599371,0.413011638204309,0.0,0.2065058191021545,0
07,487,536,184,0.029704971238970757,0.7090754877014425,0.4124326080567046,0.0,0.2062163040283523,0
07,488,536,184,0.02897343784570694,0.7907023708550434,0.39661514119018243,0.0,0.19830757059509121,0
07,489,536,184,0.030086152255535126,0.904640736701807,0.42067463522207255,0.01061910980571044,0.2156468725138915,0
07,490,536,185,0.029193831607699394,0.5560402277959543,0.40138057098464514,0.0,0.20069028549232257,0
07,491,536,185,0.030881334096193314,0.6240558988650607,0.43786833072974296,0.0,0.21893416536487148,0
07,492,536,186,0.02920527569949627,0.583343430671674,0.40162801907721535,0.0,0.20081400953860767,0
07,493,536,186,0.02902647852897644,0.5271618401389405,0.39776200510359844,0.0,0.19888100255179922,0
07,494,536,186,0.029220417141914368,0.5679550870390555,0.4019554125577659,0.0,0.20097770627888295,0
07,495,536,186,0.03065117448568344,0.7039864291772685,0.4328917403966498,0.0,0.2164458701983249,0
07,496,536,186,0.028627213090658188,0.8536289833999758,0.38912895034533274,0.005597793562875367,0.19736337195410406,0
07,497,536,186,0.030398298054933548,1.0355830203158458,0.42742395915584414,0.023508347540683323,0.22546615334826373,0
07,498,536,187,0.0286722369492054,0.5543438749545612,0.3901024717147348,0.0,0.1950512358573674,0
07,499,536,187,0.029383942484855652,0.690375217092774,0.40549121381800673,0.0,0.20274560690900337,0
07,500,536,187,0.03019508346915245,0.8910295246173099,0.42302998342351916,0.009279296999823114,0.21615464021167113,0
07,501,536,187,0.030300617218017578,1.1546104446867809,0.42531187047248403,0.035224752107298064,0.23026831128989106,0
07,502,536,187,0.02923257276415825,1.4403247304010667,0.4022182456066124,0.06334889391396017,0.2327835697602863,0
07,503,536,187,0.03148769587278366,1.7260390161153523,0.4509792938090244,0.09147303572062228,0.27122616476482336,0
07,504,536,189,0.0316467247903347,0.6614564400823949,0.45441787181153986,0.0,0.22720893590576993,0
07,505,536,189,0.031853724271059036,0.7294721111515013,0.4588936858453138,0.0,0.2294468429226569,0
07,506,536,189,0.03159591183066368,0.8144916999878831,0.4533191765046854,0.001745334782743091,0.22753225564371424,0
07,507,536,190,0.032769814133644104,0.5526475221131735,0.478701696226831,0.0,0.2393508481134155,0
07,508,536,190,0.030849728733301163,0.5611292863201284,0.43718494869284025,0.0,0.21859247434642012,0
07,509,536,190,0.029255395755171776,0.6665454986065689,0.40271173217533995,0.0,0.20135586608766998,0
07,510,536,191,0.03061683103442192,0.5356839936992609,0.4321491544704114,0.0,0.2160745772352057,0
07,511,536,191,0.030198445543646812,0.4863282038854574,0.4231026793556626,0.0,0.2115513396778313,0
07,512,536,191,0.03081223927438259,0.5662183448442997,0.43637433870599784,0.0,0.21818716935299892,0
07,513,536,193,0.02908702939748764,1.2739609838846477,0.39907125682776357,0.04697296231915644,0.22302210957346,0
07,514,536,193,0.028800582513213158,0.9729391332444772,0.3928776036838993,0.017342028069078384,0.20510981587648883,0
07,515,536,193,0.028730586171150208,0.7042287652974667,0.3913641186789035,0.0,0.19568205933945176,0
07,516,536,193,0.029645737260580063,0.49327517266448373,0.41115183058407706,0.0,0.20557591529203853,0
07,517,536,194,0.0292036272585392,0.9287127913082104,0.40159237591935,0.012988630376359148,0.20729050314785458,0
07,518,536,195,0.029882095754146576,1.4644371743608382,0.4162624553006457,0.0657223901902645,0.2409924227454551,0
07,519,536,195,0.0293272715061903,1.119188981784401,0.4042658544077777,0.03173805824746723,0.21800195632762245,0
07,520,536,195,0.030352404341101646,0.8402601074356769,0.42643162947602054,0.004281834990920699,0.21535673223347063,0
07,521,536,195,0.03140421211719513,0.6565693283250509,0.4491741793056073,0.0,0.22458708965280366,0
07,522,536,196,0.031175602227449417,0.9338018498323845,0.444231097568383,0.013489569288946108,0.22886033342866458,0
07,523,536,196,0.031402211636304855,0.6446544690819497,0.4491309242191131,0.0,0.22456546210955655,0
07,524,536,196,0.03046386130154133,0.4813603134213798,0.4288415902447727,0.0,0.21442079512238635,0
07,525,536,196,0.03083188831806183,0.5272022294923033,0.4367991970928017,0.0,0.21839959854640084,0
07,526,536,196,0.03276755288243294,0.6972010178117041,0.4786528026746858,0.0,0.2393264013373429,0
07,527,536,196,0.03192036598920822,0.9641342542105904,0.4603346360171848,0.016475324236189998,0.23840498012668737,0
07,528,536,196,0.031380221247673035,1.249848539924876,0.44865544046571415,0.04459946604285209,0.24662745325428312,0
07,529,536,196,0.03085772879421711,1.5355628256391618,0.4373579287640624,0.0727236078495142,0.2550407683067883,0
07,530,536,196,0.0302603580057621,1.8212771113534476,0.424441371925477,0.10084774965617632,0.26264456079082665,0
07,531,536,196,0.03184536471962929,2.0593723494486857,0.4587129327464442,0.12428453449506141,0.2914987336207528,0
07,532,536,196,0.030567370355129242,2.297467587543924,0.4310796986354329,0.1477213193339465,0.2894005089846897,0
07,533,536,196,0.031001374125480652,2.535562825639162,0.44046387756792277,0.1711581041728316,0.30581099087037716,0
07,534,536,196,0.03521677851676941,2.678419968496305,0.5316108025096745,0.18522017507616265,0.35841548879291857,0
07,535,536,196,0.03579816222190857,2.8212771113534476,0.5441816811290981,0.19928224597949368,0.37173196355429594,0
08,35,784,12,0.026957694441080093,0.9406276505513137,0.35303004335638155,0.014161463544717244,0.1835957534505494,0
08,36,784,13,0.027195783331990242,1.5596752695989327,0.35817808332002016,0.07509710412581846,0.2166375937229193,0
08,37,784,13,0.027755798771977425,1.2110343713397147,0.370286929954098,0.04077881290796341,0.20553287143103072,0
08,38,784,13,0.02749602682888508,0.8964013086150483,0.36467005157157767,0.009808065851998152,0.18723905871178792,0
08,39,784,13,0.027556633576750755,0.6531766226422707,0.36598051153838235,0.0,0.18299025576919117,0
08,40,784,13,0.028687700629234314,0.5136717961145433,0.3904368327278398,0.0,0.1952184163639199,0
08,41,784,15,0.0292018074542284,1.5596752695989333,0.40155302748405686,0.07509710412581853,0.2383250658049377,0
08,42,784,16,0.030109116807579994,2.083484793408457,0.4211711826721535,0.12665803077136573,0.2739146067217596,0
08,43,784,16,0.027574589475989342,1.6396057999111437,0.36636876017320924,0.08296502561795661,0.22466689289558292,0
08,44,784,16,0.027754569426178932,1.27735368956743,0.37026034861602897,0.04730692159421437,0.20878363510512166,0
08,45,784,16,0.029238123446702957,0.9831172502928225,0.40233826437546966,0.01834390589425202,0.21034108513486083,0
08,46,784,16,0.030267544090747833,0.7535037764045394,0.424596751928917,0.0,0.2122983759644585,0
08,47,784,16,0.030198782682418823,0.6429177268871924,0.42310996908625426,0.0,0.21155498454312713,0
08,48,784,16,0.030036257579922676,0.641140595339067,0.41959579536926056,0.0,0.20979789768463028,0
08,49,784,17,0.028773866593837738,0.624217456278524,0.39229994287795306,0.0,0.19614997143897653,0
08,50,784,18,0.027506770566105843,0.8623530837271283,0.3649023563563994,0.006456545984452704,0.18567945117042606,0
08,51,784,20,0.028166936710476875,2.273960983884647,0.37917669599850334,0.14540745864247373,0.26229207732048854,0
08,52,784,20,0.030538441613316536,1.8300819903873335,0.43045419142096236,0.10171445348906462,0.2660843224550135,0
08,53,784,20,0.03043360263109207,1.4185144795831817,0.42818732685548194,0.06120201286001645,0.24469466985774918,0
08,54,784,20,0.030271660536527634,1.0936629104568032,0.4246857591366937,0.02922541227322207,0.22695558570495789,0
08,55,784,20,0.02789529785513878,0.833434306716749,0.3733032271541073,0.0036099407351496923,0.1884565839446285,0
08,56,784,20,0.02754688262939453,0.6973221858718052,0.36576967319778914,0.0,0.18288483659889457,0
08,57,784,20,0.029039550572633743,0.726200573528819,0.3980446533317328,0.0,0.1990223266658664,0
08,58,784,20,0.028019849210977554,0.8247909850963295,0.3759963194480496,0.002759139724883262,0.18937772958646645,0
08,59,784,21,0.027414565905928612,0.6683630195080571,0.36290867545171057,0.0,0.18145433772585529,0
08,60,784,21,0.027869585901498795,0.6853265479219682,0.37274727444091743,0.0,0.18637363722045872,0
08,61,784,21,0.0269769337028265,0.8060099357809295,0.35344604129716234,0.0009104365950984751,0.1771782389461304,0
08,62,784,21,0.027681803330779076,1.0355830203158458,0.3686869750508685,0.023508347540683323,0.1960976612957759,0
08,63,784,21,0.026424134150147438,1.249848539924876,0.34149321906259894,0.04459946604285209,0.19304634255272551,0
08,64,784,23,0.028365135192871094,0.7653782462942764,0.3834622118165556,0.0,0.1917311059082778,0
08,65,784,23,0.027473194524645805,0.6428773375338256,0.36417636362907685,0.0,0.18208818181453842,0
08,66,784,23,0.02744103968143463,0.6411405953390683,0.36348110053955235,0.0,0.18174055026977617,0
08,67,784,23,0.02772216685116291,0.7465164182721421,0.36955972898413597,0.0,0.18477986449206799,0
08,68,784,23,0.026621021330356598,0.9658709964053462,0.34575038145337755,0.01664627957937424,0.1811983305163759,0
08,69,784,25,0.027108825743198395,0.882709317823821,0.35629785639918066,0.008460301634800193,0.18237907901699044,0
08,70,784,25,0.026794003322720528,0.6751888202269883,0.3494906576429769,0.0,0.17474532882148844,0
08,71,784,25,0.027404621243476868,0.6190072296942536,0.3626936485366338,0.0,0.1813468242683169,0
08,72,784,25,0.028885019943118095,0.5849590048063336,0.39470333886169723,0.0,0.19735166943084861,0
08,73,784,25,0.027548912912607193,0.6478452279978991,0.36581357268035775,0.0,0.18290678634017887,0
08,74,784,25,0.027663039043545723,0.7991841350619983,0.3682812471725235,0.00023854233932714083,0.1842598947559253,0
08,75,784,25,0.027402019128203392,1.011753301829638,0.36263738470438756,0.02116268120396702,0.1919000329541773,0
08,76,784,25,0.027574939653277397,1.249848539924876,0.36637633182708346,0.04459946604285209,0.20548789893496777,0
08,77,784,27,0.028150105848908424,0.5799911143422586,0.37881277331548513,0.0,0.18940638665774256,0
08,78,784,27,0.027974402531981468,0.49319439395775144,0.37501365570934203,0.0,0.18750682785467102,0
08,79,784,27,0.027542341500520706,0.5356436043458941,0.3656714833459522,0.0,0.1828357416729761,0
08,80,784,27,0.027173887938261032,0.6478452279978991,0.35770465357910836,0.0,0.17885232678955418,0
08,81,784,29,0.027447354048490524,1.0902702047740216,0.36361763195781616,0.028891452998164206,0.19625454247799018,0
08,82,784,29,0.0258439052850008,0.7909043176218747,0.3289473107910583,0.0,0.16447365539552916,0
08,83,784,29,0.024221399798989296,0.5918655842319958,0.29386493860947543,0.0,0.14693246930473772,0
08,84,784,29,0.027256717905402184,0.5220727816147652,0.35949563164364323,0.0,0.17974781582182162,0
08,85,784,29,0.026042064651846886,0.5696514398804473,0.3332319808392629,0.0,0.16661599041963146,0
08,86,784,29,0.02727971039712429,0.7141645462256152,0.35999278321504397,0.0,0.17999639160752198,0
08,87,784,29,0.027968142181634903,0.942041277919141,0.3748782922589631,0.014300613242658187,0.19458945275081063,0
08,88,784,32,0.027146736159920692,1.6549133648370287,0.35711756848057397,0.08447181806137258,0.22079469327097329,0
08,89,784,32,0.025646433234214783,1.2586534189587628,0.3246775021273196,0.045466169875740474,0.18507183600153004,0
08,90,784,32,0.0264281053096056,0.9950321095359265,0.34157908483951294,0.019516739062610183,0.18054791195106157,0
08,91,784,32,0.02666635811328888,0.7960337654994143,0.3467306689815608,0.0,0.1733653344907804,0
08,92,784,32,0.02757614105939865,0.6701401510561812,0.36640230904383275,0.0,0.18320115452191638,0
08,93,784,32,0.028090836480259895,0.6411809846924366,0.3775312306225192,0.0,0.1887656153112596,0
08,94,784,32,0.027751581743359566,0.7091562664081762,0.3701957479095702,0.0,0.1850978739547851,0
08,95,784,32,0.027297059074044228,0.8740659962034001,0.36036790227985493,0.007609500624533621,0.1839887014521943,0
08,96,784,32,0.026995623484253883,1.1274284098711576,0.35385015818532134,0.032549102201179306,0.19319963019325032,0
08,97,784,33,0.026902034878730774,0.6869825114099919,0.35182655313792754,0.0,0.17591327656896377,0
08,98,784,33,0.025882603600621223,0.8297992649137692,0.32978405909366865,0.003252127226159172,0.16651809315991392,0
08,99,784,33,0.026432443410158157,1.0593723494486855,0.34167288474309304,0.02585003817174402,0.18376146145741853,0
08,100,784,33,0.027009181678295135,1.3450866351629713,0.3541433181244194,0.05397417997840614,0.20405874905141277,0
08,101,784,33,0.027040060609579086,1.6308009208772571,0.3548109930070086,0.08209832178506825,0.21845465739603842,0
08,102,784,35,0.027959858998656273,0.72616018417545,0.3746991904250341,0.0,0.18734959521251704,0
08,103,784,36,0.026732739061117172,0.971162001696351,0.3481659806877807,0.017167097020238303,0.18266653885400952,0
08,104,784,36,0.026411887258291245,0.8061714931943934,0.34122841255077463,0.0009263394177200929,0.17107737598424735,0
08,105,784,36,0.024951908737421036,0.7075003029201492,0.3096602543609401,0.0,0.15483012718047004,0
08,106,784,36,0.026029428467154503,0.7091562664081741,0.33295875690371673,0.0,0.16647937845185837,0
08,107,784,38,0.0250910222530365,1.374247748293548,0.3126682146867368,0.05684463946164173,0.18475642707418927,0
08,108,784,38,0.0243162102997303,1.0527888848499534,0.29591496389591976,0.025201998149905428,0.1605584810229126,0
08,109,784,38,0.027637511491775513,0.835090270204774,0.367729281660044,0.003772944667023236,0.1857511131635336,0
08,110,784,38,0.02640385739505291,0.6820146209459177,0.34105478808347806,0.0,0.17052739404173903,0
08,111,784,38,0.025025350973010063,0.5986509955975609,0.3112482476620385,0.0,0.15562412383101926,0
08,112,784,38,0.02557971142232418,0.615614524011472,0.3232348201409987,0.0,0.16161741007049935,0
08,113,784,40,0.024779872968792915,1.3725917848055245,0.305940437746703,0.05668163552976833,0.18131103663823567,0
08,114,784,40,0.025290966033935547,1.05965507492225,0.3169914679498962,0.02587786811133211,0.17143466803061413,0
08,115,784,40,0.024223919957876205,0.8181267417908642,0.293919430352517,0.002103148291733742,0.14801128932212537,0
08,116,784,41,0.023884804919362068,1.1855083000121163,0.28658696824616675,0.03826616693371818,0.16242656758994248,0
08,117,784,41,0.026279734447598457,0.8606567308857391,0.33837095898310526,0.0062895663469239365,0.1723302626650146,0
08,118,784,41,0.028344651684165,0.6888404216648503,0.3830193103396686,0.0,0.1915096551698343,1
08,119,784,41,0.026868529617786407,0.6445736903752194,0.3511020908512817,0.0,0.17555104542564084,1
08,120,784,41,0.024766456335783005,0.7074195242134182,0.3056503386889584,0.0,0.1528251693444792,1
08,121,784,41,0.025608858093619347,0.8893331717759201,0.3238650395017633,0.009112317362294281,0.1664886784320288,1
08,122,784,41,0.02590363658964634,1.1546104446867815,0.33023884162317746,0.035224752107298134,0.1827317968652378,1
08,123,784,42,0.0256953127682209,0.6291449573892327,0.3257343922388473,0.0,0.16286719611942366,1
08,124,784,42,0.02539708837866783,0.8042731935861716,0.3192860818213305,0.000739481251914024,0.16001278153662227,1
08,125,784,42,0.025822695344686508,1.0593723494486862,0.32848870215985776,0.025850038171744086,0.17716937016580092,1
08,126,784,42,0.025382401421666145,1.345086635162972,0.31896851538091453,0.0539741799784062,0.18647134767966037,1
08,127,784,42,0.025106582790613174,1.6308009208772578,0.31300466998708365,0.08209832178506832,0.19755149588607598,1
08,128,784,42,0.02503322623670101,1.8212771113534483,0.3114185293246991,0.10084774965617639,0.20613313949043774,1
08,129,784,42,0.02697599120438099,2.0117533018296387,0.3534256622713094,0.11959717752728445,0.23651141989929692,1
08,130,784,42,0.025827178731560707,2.202229492305829,0.32858564349430053,0.1383466053983925,0.2334661244463465,1
08,131,784,45,0.02707786299288273,0.9047619047619028,0.3556283691526322,0.01063103692267644,0.1831297030376543,1
08,132,784,45,0.027257569134235382,0.8417949028636048,0.35951403720651837,0.004432911805828111,0.18197347450617324,1
08,133,784,45,0.02550947479903698,0.8757623490447926,0.32171613969265306,0.007776480262062717,0.1647463099773579,1
08,134,784,45,0.027222784236073494,0.8995516781776323,0.3587619061634279,0.010118170893123415,0.18444003852827565,1
08,135,784,45,0.02693803794682026,0.9811785613312332,0.35260502387055914,0.018153072022790397,0.18537904794667476,1
08,136,784,45,0.026410894468426704,1.0951169271779968,0.3412069461065461,0.029368537676818445,0.1852877418916823,1
08,137,784,45,0.027757320553064346,1.1937477280988742,0.37031983442864713,0.039077210887430394,0.20469852265803876,1
08,138,784,45,0.026739049702882767,1.3246900117129132,0.34830243155653523,0.0519664486224033,0.20013444008946926,1
08,139,784,45,0.02572617121040821,1.4879437780201148,0.32640162409913537,0.06803625088173725,0.1972189374904363,1
08,140,784,45,0.026365462690591812,1.6784199684963053,0.3402246045658757,0.08678567875284532,0.21350514165936052,1
08,141,784,45,0.026505377143621445,1.8688961589724957,0.343249883036172,0.10553510662395339,0.22439249483006268,1
08,142,784,45,0.02636750601232052,2.059372349448686,0.3402687859717269,0.12428453449506145,0.23227666023339416,1
08,143,784,45,0.02707970328629017,2.249848539924877,0.3556681606102265,0.14303396236616955,0.24935106148819802,1
08,144,784,45,0.0262931976467371,2.3927056827820197,0.3386620649097162,0.15709603326950058,0.2478790490896084,1
08,145,784,45,0.02675611525774002,2.5355628256391625,0.3486714288586394,0.17115810417283164,0.25991476651573553,1
08,146,784,45,0.027009187266230583,2.6784199684963053,0.35414343894868333,0.1852201750761627,0.269681807012423,1
08,147,784,45,0.02565288357436657,2.821277111353448,0.32481697360267286,0.19928224597949376,0.2620496097910833,1
08,148,784,45,0.024591173976659775,2.964134254210591,0.3018603231773662,0.21334431688282476,0.2576023200300955,1
08,149,784,45,0.026875952258706093,3.106991397067734,0.3512625857485623,0.22740638778615585,0.28933448676735907,1
08,150,784,45,0.026843221858143806,3.249848539924877,0.3505548777598509,0.24146845868948694,0.2960116682246689,1
08,151,784,45,0.02702637016773224,3.3927056827820197,0.3545149735603304,0.25553052959281797,0.3050227515765742,1
08,152,784,45,0.02805320732295513,3.3927056827820197,0.37671760002907806,0.25553052959281797,0.316124064810948,1
08,153,784,45,0.026783045381307602,3.3927056827820197,0.3492537212613704,0.25553052959281797,0.30239212542709415,1
08,154,784,45,0.02605043165385723,3.3927056827820197,0.33341289503715116,0.25553052959281797,0.2944717123149846,1
08,155,784,45,0.026870382949709892,3.3927056827820197,0.35114216423215855,0.25553052959281797,0.30333634691248823,1
08,156,784,45,0.02564322017133236,3.3927056827820197,0.3246080281755482,0.25553052959281797,0.2900692788841831,1
08,157,784,42,0.0257665254175663,6.249848539924877,0.3272741766586296,0.536771947659439,0.4320230621590343,1
08,158,784,42,0.026204071938991547,6.106991397067735,0.3367349581744639,0.522709876756108,0.42972241746528594,1
08,159,784,45,0.02556750550866127,3.5814855204168183,0.3229708996737766,0.27411297782639704,0.29854193875008683,1
08,160,784,42,0.026044728234410286,5.964134254210591,0.33328957373841256,0.5086478058527769,0.42096868979559476,1
08,161,784,42,0.026130782440304756,5.8212771113534485,0.33515026740324677,0.49458573494944585,0.4148680011763463,1
08,162,784,42,0.025483831763267517,5.678419968496305,0.32116167714538524,0.4805236640461148,0.40084267059575,1
08,163,784,42,0.026936519891023636,5.535562825639163,0.3525721999455193,0.4664615931427838,0.4095168965441516,1
08,164,784,42,0.026212438941001892,5.39270568278202,0.33691587237235215,0.4523995222394527,0.3946576973059024,1
08,165,784,42,0.025303803384304047,5.249848539924876,0.31726904155894464,0.4383374513361216,0.37780324644753316,1
08,166,784,42,0.024764155969023705,5.106991397067734,0.30560059936696554,0.4242753804327906,0.3649379898998781,0
08,167,784,42,0.023653926327824593,4.964134254210591,0.2815948318577786,0.4102133095294595,0.34590407069361906,0
08,168,784,42,0.024763090535998344,4.8212771113534485,0.3055775622073057,0.3961512386261285,0.35086440041671707,0
08,169,784,42,0.024204595014452934,4.678419968496305,0.2935015797730223,0.3820891677227974,0.33779537374790986,0
08,170,784,45,0.02395402453839779,2.800920877256755,0.28808365867847346,0.19727849032914618,0.24268107450380982,0
08,171,784,45,0.025810912251472473,2.547518074235632,0.3282339240619413,0.17233491304684517,0.2502844185543932,0
08,172,784,45,0.025155359879136086,2.3264267539076706,0.3140593449871056,0.15057190028890508,0.23231562263800531,0
08,173,784,45,0.024525439366698265,2.13764691627287,0.30043898681100983,0.13198945205532586,0.21621421943316785,0
08,174,784,45,0.02592727541923523,1.9811785613312332,0.3307499685344418,0.11658756834610777,0.22366876844027478,0
08,175,784,45,0.02536587603390217,1.8570216890827587,0.3186111977576589,0.10436624916125072,0.2114887234594548,0
08,176,784,45,0.026328381150960922,1.7651762995274456,0.3394228147503017,0.0953254945007546,0.21737415462552817,0
08,177,784,45,0.02428474836051464,1.7056423926652942,0.29523468301512507,0.08946530436461944,0.19234999368987227,0
08,178,784,45,0.02559075504541397,1.8212771113534483,0.32347360916131906,0.10084774965617639,0.21216067940874772,0
08,179,784,45,0.02733551524579525,1.964134254210591,0.3611994148643607,0.11490982055950744,0.23805461771193406,0
08,180,784,45,0.025984417647123337,1.964134254210591,0.33198551745759725,0.11490982055950744,0.22344766900855234,0
08,181,784,45,0.02737141214311123,2.106991397067734,0.3619755899359773,0.1289718914628385,0.2454737406994079,0
08,182,784,45,0.02642635628581047,2.249848539924877,0.3415412668448965,0.14303396236616955,0.24228761460553302,0
08,183,784,45,0.026076296344399452,2.3927056827820197,0.3339721502802223,0.15709603326950058,0.24553409177486146,0
08,184,784,45,0.0253895353525877,2.5355628256391625,0.3191227676912244,0.17115810417283164,0.245140435932028,0
08,185,784,45,0.026988673955202103,2.6784199684963053,0.35369989307572186,0.1852201750761627,0.26946003407594227,0
08,186,784,49,0.02538345567882061,1.3452885819298022,0.31899131089204646,0.05399405850668325,0.18649268469936486,0
08,187,784,49,0.027886206284165382,1.212609556121006,0.3731066460766602,0.04093386542852597,0.20702025575259309,0
08,188,784,49,0.02701202780008316,1.1445534956985326,0.3542048579495247,0.034234801399090554,0.19421982967430765,0
08,189,784,49,0.027226325124502182,1.1411204006623836,0.3588384684720177,0.03389686641837714,0.19636766744519743,0
08,190,784,49,0.026363372802734375,1.2023102710125602,0.34017941629115833,0.03992006048638586,0.1900497383887721,0
08,191,784,49,0.026622269302606583,1.1733914940021808,0.34577736553899313,0.037073455237082845,0.19142541038803798,0
08,192,784,50,0.026537347584962845,0.9625590694292984,0.34394115892498617,0.01632027171562736,0.18013071532030678,0
08,193,784,50,0.02850671112537384,0.887717597641262,0.3865234153679997,0.008953289136076235,0.19773835225203798,0
08,194,784,50,0.027720512822270393,0.8774990912395498,0.3695239650020067,0.007947435605247102,0.18873570030362688,0
08,195,784,50,0.027389243245124817,0.9302071973827715,0.3623611401622426,0.013135731485611073,0.18774843582392683,0
08,196,784,50,0.028185084462165833,1.0152267862191546,0.3795690929330592,0.02150459189033599,0.20053684241169759,0
08,197,784,50,0.029119161888957024,1.132557857748699,0.3997660366202323,0.03305401681942181,0.21641002671982706,0
08,198,784,50,0.02877216599881649,1.2822004119714063,0.3922631720269575,0.04778400627286872,0.2200235891499131,0
08,199,784,50,0.02804197557270527,1.464154448887275,0.376474743258538,0.06569456025067655,0.2210846517546073,0
08,200,784,52,0.02920788899064064,0.8486610929359015,0.4016845245579894,0.005108781767254801,0.20339665316262212,0
08,201,784,53,0.029426151886582375,1.0714891554586203,0.40640388003313244,0.027042749868379297,0.21672331495075586,0
08,202,784,53,0.02825348451733589,0.8962801405549505,0.38104806247331985,0.009796138735031955,0.1954221006041759,0
08,203,784,53,0.030451912432909012,0.8197019265721556,0.42858322769369234,0.0022582008122963133,0.21542071425299433,0
08,204,784,54,0.029199885204434395,0.8911910820307751,0.40151146393725795,0.009295199822444864,0.2054033318798514,0
08,205,784,54,0.027829812839627266,0.7057635607253919,0.37188728760487405,0.0,0.18594364380243703,0
08,206,784,54,0.027716122567653656,0.6529746758754393,0.3694290374052964,0.0,0.1847145187026482,0
08,207,784,56,0.02894938364624977,1.4644371743608375,0.39609503300863114,0.06572239019026445,0.23090871159944779,0
08,208,784,56,0.02821277640759945,1.163415323720667,0.3801678577104421,0.03609145594018639,0.20812965682531423,0
08,209,784,56,0.026873303577303886,0.8947049557736578,0.3512053150474499,0.009641086214469253,0.18042320063095957,0
08,210,784,56,0.02753486856818199,0.6769659517751118,0.365509901030296,0.0,0.182754950515148,0
08,211,784,56,0.027955543249845505,0.5884728785492142,0.37460587381850985,0.0,0.18730293690925492,0
08,212,784,58,0.028366215527057648,1.7025324124560757,0.38348557117425264,0.08915917502914954,0.2363223731017011,0
08,213,784,58,0.029157545417547226,1.3572842198796398,0.4005959784893067,0.055174843086352385,0.22788541078782956,0
08,214,784,58,0.029227042570710182,1.0766589926895267,0.40209866986005627,0.0275516401922771,0.21482515502616667,0
08,215,784,58,0.027523161843419075,0.8606567308857378,0.3652567741973202,0.0062895663469238056,0.185773170272122,0
08,216,784,58,0.027723100036382675,0.724544610040794,0.36957990663621565,0.0,0.18478995331810782,0
08,217,784,58,0.029048005118966103,0.7176784199684986,0.39822746044308954,0.0,0.19911373022154477,0
08,218,784,58,0.028160905465483665,0.846843572034412,0.37904628634294635,0.004929875012759574,0.19198808067785297,0
08,219,784,58,0.02687234990298748,1.0798093622521105,0.35118469437306904,0.02786174523340235,0.1895232198032357,0
08,220,784,58,0.025939729064702988,1.345086635162972,0.3310192455440323,0.0539741799784062,0.19249671276121924,0
08,221,784,60,0.02745496854186058,0.5986913849509263,0.3637822751548257,0.0,0.18189113757741285,0
08,222,784,60,0.027526434510946274,0.5442061472595819,0.3653275369412404,0.0,0.1826637684706202,0
08,223,784,60,0.026780052110552788,0.6189668403408861,0.3491889997306477,0.0,0.17459449986532385,0
08,224,784,61,0.02772093378007412,0.5646431600630076,0.3695330670965576,0.0,0.1847665335482788,0
08,225,784,61,0.02842876687645912,0.537380346540652,0.38483807798491204,0.0,0.19241903899245602,0
08,226,784,61,0.028770528733730316,0.6393634637909449,0.3922277705176201,0.0,0.19611388525881004,0
08,227,784,62,0.026328587904572487,0.5322912880164766,0.33942728524806787,0.0,0.16971364262403393,0
08,228,784,62,0.028019478544592857,0.4846318510440636,0.3759883047718742,0.0,0.1879941523859371,0
08,229,784,62,0.026778854429721832,0.566218344844299,0.3491631030634077,0.0,0.17458155153170385,0
08,230,784,62,0.026978714391589165,0.7617835938446634,0.3534845439626078,0.0,0.1767422719813039,0
08,231,784,64,0.029601208865642548,0.9932953673411672,0.41018902229941195,0.0193457837194256,0.21476740300941877,0
08,232,784,64,0.028329279273748398,0.7194555515166199,0.38268692278954136,0.0,0.19134346139477068,0
08,233,784,64,0.029903803020715714,0.5136314067611791,0.4167318172913379,0.0,0.20836590864566895,0
08,234,784,64,0.02788151614367962,0.43705319277838417,0.37300523424445126,0.0,0.18650261712222563,0
08,235,784,64,0.030428892001509666,0.4897209095682376,0.42808547200097186,0.0,0.21404273600048593,0
08,236,784,64,0.030156860128045082,0.6597600872410038,0.42220350518334465,0.0,0.21110175259167233,0
08,237,784,64,0.029127521440386772,0.8910295246173119,0.3999467897191019,0.009279296999823312,0.20461304335946262,0
08,238,784,66,0.02923416532576084,0.7892483541338505,0.4022526805218382,0.0,0.2011263402609191,0
08,239,784,66,0.028842143714427948,0.5340684195646022,0.39377625428440677,0.0,0.19688812714220338,0
08,240,784,66,0.03193538263440132,0.4404458984611664,0.46065933108917384,0.0,0.23032966554458692,0
08,241,784,66,0.029779089614748955,0.5083807908235392,0.414035221093741,0.0,0.2070176105468705,0
08,242,784,66,0.030043864622712135,0.7073387455066845,0.41976027746725153,0.0,0.20988013873362577,0
08,243,784,66,0.027514643967151642,0.9641342542105897,0.36507259774430534,0.01647532423618993,0.19077396099024763,0
08,244,784,67,0.02925535850226879,0.501595379457976,0.402710926680247,0.0,0.2013554633401235,0
08,245,784,69,0.029604488983750343,1.321580031503696,0.4102599461423508,0.05166031928693353,0.23096013271464216,0
08,246,784,69,0.030302437022328377,0.9814208974514314,0.42535121890777716,0.018176926256723056,0.22176407258225012,0
08,247,784,69,0.03156633675098419,0.710973787309665,0.45267969395035124,0.0,0.22633984697517562,0
08,248,784,69,0.031173864379525185,0.585080172866432,0.4441935212222945,0.0,0.22209676061114725,0
08,249,784,69,0.03099346160888672,0.5561210065026846,0.44029279041016917,0.0,0.22014639520508458,0
08,250,784,69,0.030441125854849815,0.6274889939012065,0.42834999658951367,0.0,0.21417499829475684,0
08,251,784,69,0.029732586815953255,0.8247102063895946,0.41302972156914686,0.002751188313572158,0.20789045494135952,0
08,252,784,70,0.03194938227534294,0.5169837230905932,0.46096203614512393,0.0,0.23048101807256197,0
08,253,784,70,0.032982777804136276,0.5356436043458934,0.48330647002499455,0.0,0.24165323501249728,0
08,254,784,70,0.03023737482726574,0.6784603578496708,0.42394442172784946,0.0,0.21197221086392473,0
08,255,784,70,0.02907451055943966,0.9165152065915421,0.3988005702017603,0.011787967268412908,0.2052942687350866,0
08,256,784,70,0.029004907235503197,1.2022294923058279,0.3972955831699957,0.039912109075075024,0.21860384612253536,0
08,257,784,72,0.031776923686265945,0.6837109737873102,0.4572330771615813,0.0,0.22861653858079065,0
08,258,784,72,0.027881139889359474,0.5475988529423649,0.37299709874401193,0.0,0.18649854937200597,0
08,259,784,72,0.026486897841095924,0.5373399571872859,0.3428503171952884,0.0,0.1714251585976442,0
08,260,784,73,0.028105488047003746,0.6395250212044102,0.37784803184259685,0.0,0.18892401592129843,0
08,261,784,73,0.027047527953982353,0.5136314067611771,0.3549724544984008,0.0,0.1774862272492004,0
08,262,784,73,0.028593793511390686,0.5271618401389392,0.3884063406974008,0.0,0.1942031703487004,0
08,263,784,73,0.02802221290767193,0.690375217092774,0.37604742811170055,0.0,0.18802371405585028,0
08,264,784,73,0.02752031572163105,0.9437376307605315,0.36519523437221485,0.014467592880187086,0.18983141362620096,0
08,265,784,74,0.028056330978870392,0.5407326628700682,0.37678514079262626,0.0,0.18839257039631313,1
08,266,784,74,0.030028408393263817,0.6019225332202434,0.419426077553165,0.0,0.2097130387765825,1
08,267,784,74,0.028278851881623268,0.7515650874429506,0.3815965643568994,0.0,0.1907982821784497,1
08,268,784,74,0.027435556054115295,0.9641342542105904,0.36336253166186244,0.016475324236189998,0.1899189279490262,1
08,269,784,74,0.02978784590959549,1.2022294923058285,0.41422455271535114,0.039912109075075086,0.2270683308952131,1
08,270,784,74,0.030081190168857574,1.4403247304010667,0.4205673432756847,0.06334889391396017,0.2419581185948224,1
08,271,784,74,0.027799317613244057,1.6784199684963046,0.37122790932174277,0.08678567875284525,0.22900679403729401,1
08,272,784,75,0.028253797441720963,1.0576759966072953,0.38105482863210105,0.025683058534215143,0.2033689435831581,1
08,273,784,75,0.03003831021487713,1.2328446221575995,0.41964017814888493,0.04292569396190712,0.23128293605539602,1
08,274,784,75,0.02935192920267582,1.4403247304010667,0.4047990116098356,0.06334889391396017,0.2340739527618979,1
08,275,784,75,0.02900654636323452,1.6784199684963046,0.3973310249540878,0.08678567875284525,0.24205835185346652,1
08,276,784,75,0.02775106392800808,1.9165152065915427,0.37018455152777746,0.11022246359173034,0.2402035075597539,1
08,277,784,75,0.029406648129224777,2.1546104446867806,0.4059821630771913,0.1336592484306154,0.2698207057539034,1
08,278,784,75,0.03010585345327854,2.297467587543924,0.42110062130200654,0.1477213193339465,0.2844109703179765,1
08,279,784,75,0.0293094664812088,2.4403247304010667,0.4038808680280775,0.16178339023727756,0.2828321291326775,1
08,280,784,75,0.030083050951361656,2.5831818732582095,0.4206075777555801,0.1758454611406086,0.29822651944809436,1
08,281,784,75,0.031021788716316223,2.678419968496305,0.44090528887888775,0.18522017507616265,0.3130627319775252,1
08,282,784,75,0.029182635247707367,2.7736580637343997,0.4011384794344435,0.19459488901171665,0.29786668422308005,1
08,283,784,75,0.030224841088056564,2.868896158972495,0.423673412903809,0.20396960294727068,0.31382150792553987,1
08,284,784,75,0.028772590681910515,2.9641342542105904,0.39227235467101773,0.21334431688282476,0.30280833577692123,1
08,285,784,75,0.02980673685669899,3.0593723494486857,0.41463301927701235,0.22271903081837877,0.31867602504769554,1
08,286,784,75,0.030775059014558792,3.106991397067733,0.43557041432842736,0.22740638778615577,0.33148840105729155,1
08,287,784,74,0.03202922269701958,4.106991397067733,0.4626883732284454,0.32584088410947315,0.3942646286689593,1
08,288,784,74,0.030475761741399765,4.106991397067733,0.42909890565223213,0.32584088410947315,0.37746989488085264,1
08,289,784,74,0.03094799816608429,4.106991397067733,0.43930976419866974,0.32584088410947315,0.38257532415407147,1
08,290,784,74,0.02871241793036461,4.106991397067733,0.3909712787220465,0.32584088410947315,0.3584060814157598,0
08,291,784,75,0.03262467309832573,3.2481521870834857,0.4755634067949866,0.24130147905195792,0.35843244292347226,0
08,292,784,75,0.03209696710109711,3.2328446221575993,0.46415316605506923,0.2397946866085418,0.3519739263318055,0
08,293,784,75,0.030370859429240227,3.2022294923058285,0.42683067174509365,0.23678110172170985,0.3318058867334017,0
08,294,784,75,0.02761494182050228,3.2022294923058285,0.3672412724579488,0.23678110172170985,0.3020111870898293,0
08,295,784,75,0.029174886643886566,3.2022294923058285,0.40097093645509907,0.23678110172170985,0.31887601908840446,0
08,296,784,75,0.029509346932172775,3.2022294923058285,0.4082027519495788,0.23678110172170985,0.3224919268356443,0
08,297,784,75,0.028520116582512856,3.2022294923058285,0.38681327277721644,0.23678110172170985,0.31179718724946315,0
08,298,784,76,0.029106581583619118,2.343390282321581,0.3994940209273256,0.15224169666419463,0.27586785879576015,0
08,299,784,76,0.02842940203845501,2.3280827173956946,0.3848518116762477,0.1507349042207785,0.2677933579485131,0
08,300,784,76,0.02826734632253647,2.3450866351629713,0.3813477871974258,0.1524086763017235,0.26687823174957465,0
08,301,784,77,0.027014167979359627,1.624015509511694,0.3542511336426177,0.08143040323495253,0.2178407684387851,0
08,302,784,77,0.02775762975215912,1.5950967325013135,0.37032652003791905,0.07858379798564939,0.22445515901178423,0
08,303,784,78,0.026710789650678635,1.1342542105900901,0.34769138297898405,0.03322099645695077,0.1904561897179674,0
08,304,784,78,0.02958810143172741,1.0287976089502815,0.4099056088509393,0.022840428990567485,0.2163730189207534,0
08,305,784,78,0.02972889319062233,1.0202754553899598,0.41294985673067575,0.022001555097267252,0.2174757059139715,0
08,306,784,78,0.030965328216552734,1.1069913970677332,0.43968448051593423,0.030537395139521042,0.23511093782772763,0
08,307,784,80,0.03015778958797455,0.831657175168627,0.42222360228591505,0.003435009686310028,0.21282930598611255,0
08,308,784,80,0.030388079583644867,0.6513591017407818,0.42720301185183374,0.0,0.21360150592591687,0
08,309,784,82,0.03064911440014839,1.988246698170362,0.4328471965180068,0.1172833168358117,0.27506525667690923,0
08,310,784,82,0.03092813305556774,1.6396057999111424,0.43888023394032655,0.08296502561795649,0.2609226297791415,0
08,311,784,82,0.030612844973802567,1.3232763843450859,0.4320629664954602,0.05182729892446236,0.2419451327099613,0
08,312,784,82,0.03131094202399254,1.0868774990912382,0.44715746124125866,0.02855749372310617,0.23785747748218242,0
08,313,784,82,0.0299547016620636,0.8861828022133355,0.4178323652369063,0.008802212321168955,0.21331728877903763,0
08,314,784,82,0.03175142779946327,0.7501110707217558,0.45668179631993083,0.0,0.22834089815996542,0
08,315,784,83,0.03096824884414673,1.0460438628377549,0.4397476313312255,0.02453805530544498,0.23214284331833526,0
08,316,784,83,0.02916497178375721,0.833434306716747,0.40075655393609666,0.003609940735149496,0.20218324733562307,0
08,317,784,83,0.02703787386417389,0.7177591986752274,0.3547637104450494,0.0,0.1773818552225247,0
08,318,784,85,0.027601100504398346,1.6123833757421537,0.366941990756144,0.08028540000618238,0.22361369538116319,0
08,319,784,87,0.029061399400234222,3.083484793408457,0.3985170762037783,0.2250925270946831,0.3118048016492307,0
08,320,784,87,0.029604123905301094,2.5919867522920947,0.4102520522904394,0.17671216497349684,0.2934821086319681,0
08,321,784,87,0.030139725655317307,2.132800193868895,0.42183301771531845,0.13151236737667163,0.276672692545995,0
08,322,784,87,0.027651233598589897,1.7535441657579047,0.3680259857775512,0.0941804912719844,0.2311032385247678,0
08,323,784,87,0.027884509414434433,1.406599620340077,0.373069955775174,0.06002917969165822,0.2165495677334161,0
08,324,784,87,0.027222368866205215,1.1514600751241955,0.3587529248931409,0.034914647066172665,0.19683378597965678,0
08,325,784,87,0.028931958600878716,0.9898622723050188,0.39571826267887955,0.01900784873871225,0.2073630557087959,0
08,326,784,87,0.03042554296553135,0.8928874348721663,0.428013057992111,0.00946217945997383,0.21873761872604242,0
08,327,784,89,0.0286569744348526,1.3810735490124801,0.3897724603751319,0.05751653371741315,0.22364449704627254,0
08,328,784,89,0.029879270121455193,1.0851407568964808,0.41620135849784157,0.02838653837992177,0.22229394843888167,0
08,329,784,89,0.030172429978847504,0.8538309301668072,0.42254016185746474,0.005617672091152537,0.21407891697430864,0
08,330,784,89,0.0319288969039917,0.7891675754271161,0.4605190943934822,0.0,0.2302595471967411,0
08,331,784,89,0.03266170993447304,0.8146532574013476,0.476364230016449,0.0017612376053647743,0.2390627338109069,0
08,332,784,89,0.033819444477558136,0.9047619047619034,0.5013971648682318,0.010631036922676505,0.2560141008954542,0
08,333,784,89,0.030776536092162132,1.066278928874348,0.4356023522088649,0.026529883838826086,0.2310661180238455,0
08,334,784,89,0.02960708737373352,1.2924189183731165,0.41031612942508766,0.04878985980369765,0.22955299461439266,0
08,335,784,89,0.031807269901037216,1.5831818732582095,0.4578892334643406,0.07741096481729123,0.2676500991408159,0
08,336,784,89,0.03119650110602379,1.868896158972495,0.44468298031555703,0.10553510662395332,0.2751090434697552,0
08,337,784,89,0.03292623162269592,2.1546104446867806,0.4820838090233271,0.1336592484306154,0.30787152872697127,0
08,338,784,89,0.032132457941770554,2.4403247304010667,0.46492056123017206,0.16178339023727756,0.3133519757337248,0
08,339,784,89,0.032308150082826614,2.630800920877257,0.4687194371877873,0.1805328181083856,0.32462612764808646,0
08,340,784,91,0.03304422274231911,1.2889858233369702,0.48463505363139175,0.04845192482298451,0.2665434892271881,0
08,341,784,91,0.033139243721961975,1.3212973060301316,0.4866896299651115,0.05163248934734544,0.2691610596562285,0
08,342,784,92,0.031091157346963882,0.9913970677329473,0.44240520129156646,0.019158925553619727,0.2307820634225931,0
08,343,784,92,0.0325588695704937,0.9777858556484516,0.47414058026270817,0.017819112747732534,0.24597984650522034,0
08,344,784,92,0.030698146671056747,1.0287976089502815,0.4339073891594158,0.022840428990567485,0.22837390907499164,0
08,345,784,95,0.03390520066022873,1.9031867199806134,0.503251414572322,0.10891048072543144,0.3060809476488767,0
08,346,784,95,0.031898580491542816,1.5970354214629021,0.4598635824867973,0.07877463185711095,0.2693191071719541,0
08,347,784,95,0.031618449836969376,1.3555070883315163,0.4538065010359515,0.05499991203751258,0.25440320653673204,0
08,348,784,95,0.030917320400476456,1.1667272506967161,0.4386464389895828,0.03641746380393339,0.2375319513967581,0
08,349,784,95,0.03096764162182808,1.0102588957550789,0.4397345017612096,0.02101558009471528,0.23037504092796243,0
08,350,784,96,0.033126700669527054,1.3283654428692584,0.48641841976729777,0.052328237837049166,0.26937332880217346,0
08,351,784,96,0.03337854892015457,1.125974393149964,0.49186396934353666,0.03240597679758293,0.2621349730705598,0
08,352,784,96,0.03399520367383957,0.9882063088169938,0.5051974907170145,0.018844844806838706,0.2620211677619266,0
08,353,784,96,0.034378960728645325,0.9133648370289574,0.5134952178680634,0.01147786222728758,0.26248654004767547,0
08,354,784,96,0.03347466140985489,0.8776202592996469,0.49394214668348135,0.007959362722213233,0.2509507547028473,0
08,355,784,96,0.03281230852007866,0.9149804111636156,0.47962052447941816,0.011636890453505638,0.2456287074664619,0
08,356,784,98,0.03337612748146057,1.2466981703622921,0.49181161216249153,0.04428936100172684,0.26805048658210917,0
08,357,784,98,0.034716445952653885,0.9881659194636283,0.5207924395640949,0.01884086910118335,0.2698166543326391,0
08,358,784,98,0.034341856837272644,0.8265681166444516,0.5126929447554336,0.0029340707737229373,0.2578135077645783,0
08,359,784,98,0.0345362164080143,0.7568157033805879,0.5168954543041521,0.0,0.25844772715207603,0
08,360,784,98,0.035321395844221115,0.761864372551395,0.5338728743793515,0.0,0.26693643718967575,0
08,361,784,101,0.03594296798110008,1.9406276505513145,0.5473127211051055,0.1125959598680347,0.32995434048657013,0
08,362,784,101,0.03499903157353401,1.4967486570539996,0.5269026031415696,0.06890295471462544,0.2979027789280975,0
08,363,784,101,0.03551653400063515,1.142978310917242,0.5380922187755137,0.034079748878528056,0.2860859838270209,0
08,364,784,101,0.03635973855853081,0.8538309301668072,0.5563242780075728,0.005617672091152537,0.28097097504936264,0
08,365,784,101,0.033540017902851105,0.6428773375338256,0.4953553072746437,0.0,0.24767765363732186,0
08,366,784,101,0.03519364818930626,0.5969142534028029,0.5311106706064297,0.0,0.26555533530321485,0
08,367,784,101,0.03715207800269127,0.6478856173512659,0.5734565142396472,0.0,0.2867282571198236,0
08,368,784,101,0.03745410963892937,0.7856133123308693,0.5799871462556688,0.0,0.2899935731278344,0
08,369,784,101,0.036289166659116745,0.9879639726967969,0.5547983481033901,0.01882099057290618,0.28680966933814817,0
08,370,784,101,0.03501033037900925,1.249848539924876,0.5271469098032769,0.04459946604285209,0.2858731879230645,0
08,371,784,101,0.03596194088459015,1.4879437780201141,0.5477229597559714,0.06803625088173718,0.3078796053188543,0
08,372,784,101,0.03723710775375366,1.7260390161153523,0.5752950567894238,0.09147303572062228,0.33338404625502305,0
08,373,784,101,0.037220656871795654,1.9641342542105904,0.5749393501563542,0.11490982055950737,0.3449245853579308,0
08,374,784,101,0.03580854460597038,2.2022294923058285,0.5444061726115178,0.13834660539839247,0.34137638900495515,0
08,375,784,101,0.0381949320435524,2.4403247304010667,0.596005463323631,0.16178339023727756,0.37889442678045426,0
08,376,784,101,0.03752226382493973,2.678419968496305,0.5814607995283156,0.18522017507616265,0.38334048730223913,0
08,377,784,101,0.04195020720362663,2.8212771113534476,0.6772033156241707,0.19928224597949368,0.4382427808018322,0
08,378,784,101,0.04075704514980316,2.9641342542105904,0.6514043549389431,0.21334431688282476,0.4323743359108839,0
08,379,784,101,0.046127498149871826,3.106991397067733,0.7675261385362723,0.22740638778615577,0.497466263161214,0
08,380,784,101,0.05479159206151962,3.249848539924876,0.9548641597911717,0.24146845868948685,0.5981663092403293,0
08,381,784,103,0.06058834120631218,1.955652490003637,1.0802034653862487,0.11407492237186276,0.5971391938790557,0
08,382,784,103,0.05570600554347038,1.892725877458703,0.9746359228935039,0.10788077296066964,0.5412583479270867,0
08,383,784,104,0.05926334857940674,1.4675875439234236,1.0515540186659063,0.06603249523138992,0.5587932569486481,0
08,384,784,104,0.06314712762832642,1.3587382366008325,1.1355304262897556,0.055317968489948674,0.5954241973898522,0
08,385,784,104,0.06291578710079193,1.314511894664567,1.1305283017622143,0.05096457079722958,0.5907464362797219,0
08,386,784,105,0.06909078359603882,1.0237489397794757,1.2640462017840852,0.022343465783636156,0.6431948337838607,0
08,387,784,105,0.0707080140709877,0.902984773213782,1.299014515860499,0.010456105873836895,0.654735310867168,0
08,388,784,105,0.07066819816827774,0.8791550547275742,1.2981536027050988,0.008110439537120581,0.6531320211211097,0
08,389,784,105,0.07148295640945435,0.9471707257966806,1.3157705858841418,0.014805527860900503,0.6652880568725211,0
08,390,784,105,0.09017497301101685,1.0474978795589485,1.7199358037487376,0.024681180709041354,0.8723084922288895,0
08,391,784,105,0.0956181064248085,1.1801365160143793,1.8376291082725131,0.03773739808154329,0.9376832531770282,0
08,392,784,106,0.07374514639377594,0.6546710287168305,1.364684436505696,0.0,0.682342218252848,0
08,393,784,107,0.04215675964951515,0.5374207358940195,0.6816694637168286,0.0,0.3408347318584143,0
08,394,784,107,0.037668339908123016,0.46084252191122455,0.5846193068869944,0.0,0.2923096534434972,0
08,395,784,107,0.03767718747258186,0.5033321216527327,0.5848106119715824,0.0,0.2924053059857912,0
08,396,784,107,0.037415288388729095,0.641059816632336,0.5791477398192516,0.0,0.2895738699096258,0
08,397,784,108,0.03664114326238632,0.4455753463387052,0.5624089073905992,0.0,0.2812044536952996,0
08,398,784,108,0.03472554683685303,0.4778464396784998,0.5209892220153153,0.0,0.26049461100765764,0
08,399,784,108,0.03613602742552757,0.6359707581081621,0.5514871188750783,0.0,0.27574355943753914,0
08,400,784,109,0.03394315391778946,0.41661617997495914,0.5040720529730723,0.0,0.25203602648653617,0
08,401,784,109,0.035239771008491516,0.4403651197544334,0.5321079540810753,0.0,0.2660539770405376,0
08,402,784,109,0.03482948616147041,0.6087079445858078,0.5232366338742996,0.0,0.2616183169371498,0
08,403,784,110,0.03611578047275543,0.38091199159901545,0.5510493322920318,0.0,0.2755246661460159,0
08,404,784,110,0.0332869254052639,0.3689567430025447,0.48988285416229865,0.0,0.24494142708114933,0
08,405,784,110,0.03322121500968933,0.5117734965063208,0.48846204136775273,0.0,0.24423102068387637,0
08,406,784,111,0.03282921761274338,0.3622521103437139,0.4799861387021317,0.0,0.23999306935106585,0
08,407,784,112,0.032265372574329376,0.8453895553132191,0.4677944871724933,0.004786749609163276,0.23629061839082827,0
08,408,784,112,0.03270125016570091,0.5528494688800022,0.47721918250816114,0.0,0.23860959125408057,0
08,409,784,112,0.03238140046596527,0.3418958762470205,0.4703032821891568,0.0,0.2351516410945784,0
08,410,784,112,0.031145744025707245,0.3332929439799665,0.44358549325134206,0.0,0.22179274662567103,0
08,411,784,112,0.03164871037006378,0.5083807908235385,0.4544608046999969,0.0,0.22723040234999844,0
08,412,784,112,0.030240047723054886,0.8212771113534475,0.42400221600077237,0.002413253332858939,0.21320773466681564,0
08,413,784,112,0.0313551090657711,1.1069913970677332,0.4481124562235216,0.030537395139521042,0.2393249256815213,0
08,414,784,114,0.03313097730278969,0.5987721636576593,0.4865108906039744,0.0,0.2432554453019872,0
08,415,784,114,0.0305741336196661,0.3963003352316326,0.4312259362695674,0.0,0.2156129681347837,0
08,416,784,114,0.03148481622338295,0.3826083444404059,0.45091702903833536,0.0,0.22545851451916768,0
08,417,784,114,0.03543529286980629,0.5304737671149892,0.5363355950766953,0.0,0.26816779753834763,0
08,418,784,114,0.03287506103515625,0.7549577931257329,0.4809773809635798,0.0,0.2404886904817899,0
08,419,784,114,0.03141316398978233,1.011753301829638,0.44936773977645567,0.02116268120396702,0.23526521049021135,0
08,420,784,114,0.033687472343444824,1.2974675875439237,0.49854361795176355,0.049286823010629116,0.2739152204811963,0
08,421,784,114,0.03417649865150452,1.5355628256391618,0.5091175131366171,0.0727236078495142,0.2909205604930657,0
08,422,784,114,0.034066442400217056,1.7736580637344,0.5067378389833619,0.0961603926883993,0.3014491158358806,0
08,423,784,116,0.03408030420541763,0.658063734399614,0.5070375637074678,0.0,0.2535187818537339,0
08,424,784,116,0.03420758619904518,0.7277757583101109,0.5097896987917272,0.0,0.2548948493958636,0
08,425,784,117,0.03325965255498886,0.6564481602649546,0.489293151204712,0.0,0.244646575602356,0
08,426,784,117,0.03340104967355728,0.629185346742599,0.49235048837970974,0.0,0.24617524418985487,0
08,427,784,117,0.03213590011000633,0.6716749464841071,0.46499498897676544,0.0,0.23249749448838272,0
08,428,784,117,0.03284408897161484,0.7617835938446628,0.48030769234325804,0.0,0.24015384617162902,0
08,429,784,121,0.03146190568804741,2.988246698170362,0.4504216495561392,0.2157178131591291,0.3330697313576342,0
08,430,784,121,0.032119009643793106,2.5919867522920947,0.46462977750159845,0.17671216497349684,0.3206709712375476,0
08,431,784,121,0.03164319694042206,2.2280382891069905,0.4543415914262326,0.1408870813122257,0.2976143363692291,0
08,432,784,121,0.03395858779549599,1.8964013086150477,0.504405769590103,0.10824256217531547,0.3063241658827092,0
08,433,784,121,0.029580898582935333,1.5970758108162675,0.4097498663747074,0.07877860756276629,0.24426423696873684,0
08,434,784,122,0.031556930392980576,1.8997940142978298,0.4524763064393683,0.10857652145037337,0.2805264139448708,0
08,435,784,122,0.02933572046458721,1.649783916959488,0.4044485406948705,0.08396690344313014,0.24420772206900032,0
08,436,784,122,0.03093637339770794,1.46439678500747,0.43905840945489855,0.06571841448460888,0.2523884119697537,0
08,437,784,122,0.030751779675483704,1.341936265600386,0.4350670604448105,0.05366407493728073,0.24436556769104562,0
08,438,784,122,0.030628057196736336,1.2517872288864633,0.4323918904166875,0.04479029991431351,0.2385910951655005,0
08,439,784,125,0.0324132926762104,2.750151460075124,0.47099286653827566,0.192281028320244,0.3316369474292598,0
08,440,784,125,0.03065534308552742,2.2586534189587617,0.4329818752975567,0.14390066619905773,0.2884412707483072,0
08,441,784,125,0.03031427413225174,1.8062522719011265,0.4256071649735785,0.09936878715234838,0.2624879760629634,0
08,442,784,125,0.030647968873381615,1.418474090229814,0.432822427543897,0.06119803715436089,0.24701023234912894,0
08,443,784,125,0.028528187423944473,1.1004079324690001,0.3869877832891153,0.029889355117682367,0.20843856920339884,0
08,444,784,125,0.027843734249472618,0.9745143180257672,0.37218830112112883,0.017497080589640814,0.19484269085538483,0
08,445,784,125,0.029496172443032265,0.9455551516620211,0.40791788860993866,0.014646499634682314,0.21128219412231047,0
08,446,784,125,0.028358589857816696,1.054364069631244,0.3833206863287152,0.025357050670467923,0.20433886849959154,0
08,447,784,125,0.02758478932082653,1.2277959529867923,0.3665893047296731,0.042428730754975656,0.20450901774232438,0
08,448,784,125,0.027843546122312546,1.4607617432044908,0.37218423337090917,0.06536060097561842,0.2187724171732638,0
08,449,784,126,0.030052820220589638,0.892725877458703,0.41995391848760916,0.009446276637352277,0.2147000975624807,0
08,450,784,126,0.0266982801258564,1.042368431681409,0.34742089772675405,0.02417626609079905,0.18579858190877654,0
08,451,784,126,0.028224963694810867,1.249848539924876,0.3804313754301176,0.04459946604285209,0.21251542073648486,0
08,452,784,126,0.027387766167521477,1.4879437780201141,0.3623292022818051,0.06803625088173718,0.21518272658177112,0
08,453,784,126,0.02922428399324417,1.7260390161153523,0.4020390229484195,0.09147303572062228,0.24675602933452087,0
08,454,784,126,0.02672683820128441,1.9641342542105904,0.34803839026504924,0.11490982055950737,0.2314741054122783,0
08,455,784,126,0.027744440361857414,2.1546104446867806,0.37004133450024174,0.1336592484306154,0.2518502914654286,0
08,456,784,127,0.02825784683227539,1.4862474251787237,0.38114238594871036,0.06786927124420829,0.22450582859645932,0
08,457,784,127,0.0269810501486063,1.661416050729028,0.35353504850493905,0.08511190667190029,0.21932347758841966,0
08,458,784,127,0.029753779992461205,1.868896158972495,0.4134879677275556,0.10553510662395332,0.2595115371757545,0
08,459,784,129,0.028865378350019455,1.0645421866795932,0.394278641573912,0.02635892849564195,0.210318785034777,0
08,460,784,129,0.02769647352397442,0.9760895028070625,0.3690041790184926,0.017652133110203777,0.19332815606434817,0
08,461,784,131,0.029382001608610153,1.449048830728221,0.40544924752366135,0.0642076463355377,0.23482844692959953,0
08,462,784,131,0.029486438259482384,1.1956460277070982,0.4077074127421373,0.03926406905323667,0.22348574089768697,0
08,463,784,131,0.02761184796690941,0.9745547073791353,0.367174376090475,0.01750105629529643,0.1923377161928857,0
08,464,784,131,0.026716556400060654,0.7942566339512902,0.3478160736193807,0.0,0.17390803680969036,0
08,465,784,131,0.02824738621711731,0.6819742315925514,0.38091620292659545,0.0,0.19045810146329772,0
08,466,784,132,0.02869388461112976,0.9474130619168788,0.39057054491327814,0.014829382094833159,0.20269996350405564,0
08,467,784,132,0.03000503219664097,0.755200129245931,0.4189206293823064,0.0,0.2094603146911532,0
08,468,784,132,0.026487015187740326,0.6650107031786417,0.3428528545048314,0.0,0.1714264272524157,0
08,469,784,133,0.026639170944690704,0.906579425663393,0.34614281866268803,0.010809943677171733,0.1784763811699299,0
08,470,784,133,0.026588520035147667,0.7398925643200449,0.3450476272594881,0.0,0.17252381362974406,0
08,471,784,133,0.028558209538459778,0.6769255624217443,0.3876369317845655,0.0,0.19381846589228274,0
08,472,784,133,0.02907199040055275,0.7381154327719208,0.39874607845871873,0.0,0.19937303922935937,0
08,473,784,133,0.029825180768966675,0.8571428571428558,0.41503181989755755,0.005943679954899482,0.2104877499262285,0
08,474,784,133,0.028355000540614128,1.0186598812553003,0.38324307687650444,0.021842526871049064,0.20254280187377674,0
08,475,784,134,0.026379933580756187,0.7142453249323468,0.3405374991347523,0.0,0.17026874956737614,0
08,476,784,134,0.027846278622746468,0.8196615372187901,0.37224331643598085,0.002254225106640958,0.1872487707713109,0
08,477,784,134,0.028396503999829292,1.0373197625106025,0.3841404789596178,0.023679302883867655,0.20390989092174272,0
08,478,784,134,0.02696632780134678,1.3179046003473487,0.3532167168441847,0.05129853007228744,0.20225762345823609,0
08,479,784,137,0.028989020735025406,1.2365200533139453,0.39695207978758507,0.04328748317655305,0.22011978148206907,0
08,480,784,137,0.026289017871022224,0.9303687547962354,0.33857168836028134,0.013151634308232692,0.175861661334257,0
08,481,784,138,0.027249818667769432,1.4168181267417905,0.3593464539524193,0.06103503322248748,0.2101907435874534,0
08,482,784,138,0.027836758643388748,1.1174926289430105,0.37203747216496424,0.03157107860993833,0.2018042753874513,0
08,483,784,139,0.027570348232984543,1.7025324124560763,0.366277054556871,0.0891591750291496,0.2277181147930103,0
08,484,784,139,0.028305433690547943,1.3555878670382486,0.3821713253805109,0.05500786344882342,0.21858959441466716,0
08,485,784,139,0.027589591220021248,1.0766589926895247,0.36669313304716106,0.0275516401922769,0.19712238661971898,0
08,486,784,139,0.027213726192712784,0.8929682135788986,0.3585660500315645,0.00947013087128467,0.1840180904514246,0
08,487,784,139,0.029114022850990295,0.8283048588392076,0.3996549185721527,0.0031050261169071917,0.20137997234452995,0
08,488,784,142,0.029878193512558937,2.750151460075124,0.4161780796896538,0.192281028320244,0.3042295540049489,0
08,489,784,142,0.029801737517118454,2.3062724665778105,0.41452492183553147,0.14858802316683486,0.28155647250118315,0
08,490,784,142,0.030596032738685608,1.9423240033927047,0.4316994465599885,0.11276293950556357,0.27223119303277604,0
08,491,784,142,0.03046470880508423,1.610687022900762,0.4288599152581385,0.08011842036865335,0.2544891678133959,0
08,492,784,142,0.02926901914179325,1.3164505836261557,0.4030063017308507,0.05115540466869113,0.22708085319977092,0
08,493,784,142,0.02929595671594143,1.0936225211034372,0.40358875523260035,0.02922143656756666,0.2164050959000835,0
08,494,784,142,0.029121186584234238,0.976210670867159,0.39980981527853693,0.017664060227169844,0.20873693775285337,0
08,495,784,142,0.029752183705568314,0.9812593400379648,0.4134534522628205,0.018161023434101174,0.21580723784846084,0
08,496,784,142,0.029838277027010918,1.1223797407003517,0.41531499169750236,0.032052138994247976,0.22368356534587516,1
08,497,784,144,0.030496621504426003,1.0528292742033194,0.4295499426295585,0.02520597385556084,0.22737795824255966,1
08,498,784,145,0.029261907562613487,1.3640696312452034,0.4028525327175967,0.05584276163646816,0.22934764717703243,1
08,499,784,145,0.0290733203291893,0.9422836140393394,0.3987748346335389,0.014324467476590854,0.20654965105506487,1
08,500,784,145,0.029457004740834236,0.7296740579183314,0.40707099106915656,0.0,0.20353549553457828,1
08,501,784,145,0.028870170935988426,0.6224807140837667,0.3943822685176267,0.0,0.19719113425881335,1
08,502,784,145,0.0287224892526865,0.6598408659477354,0.39118904432043955,0.0,0.19559452216021977,1
08,503,784,145,0.028954455628991127,0.7941354658911897,0.39620470116554335,0.0,0.19810235058277167,1
08,504,784,145,0.028404654935002327,0.9658709964053462,0.3843167212859666,0.01664627957937424,0.20048150043267043,1
08,505,784,145,0.029289860278367996,1.2022294923058285,0.4034569359606306,0.039912109075075086,0.22168452251785284,1
08,506,784,145,0.030197305604815483,1.4879437780201141,0.4230780312058167,0.06803625088173718,0.24555714104377696,1
08,507,784,145,0.0321681872010231,1.7736580637344,0.4656931115738701,0.0961603926883993,0.2809267521311347,1
08,508,784,145,0.029653234407305717,2.0593723494486857,0.4113139364715437,0.12428453449506141,0.26779923548330253,1
08,509,784,145,0.028472241014242172,2.2022294923058285,0.38577809075844516,0.13834660539839247,0.2620623480784188,1
08,510,784,145,0.02951570227742195,2.3450866351629713,0.4083401694124449,0.1524086763017235,0.2803744228570842,1
08,511,784,145,0.028956249356269836,2.487943778020114,0.3962434857542714,0.16647074720505456,0.281357116479663,1
08,512,784,145,0.03003016859292984,2.630800920877257,0.4194641371963094,0.1805328181083856,0.2999984776523475,1
08,513,784,145,0.028665725141763687,2.7736580637343997,0.38996167117247804,0.19459488901171665,0.29227828009209733,1
08,514,784,145,0.02845456264913082,2.916515206591543,0.38539584306206115,0.20865695991504776,0.29702640148855447,1
08,515,784,145,0.02840128168463707,3.0593723494486857,0.38424378370529527,0.22271903081837877,0.30348140726183703,1
08,516,784,145,0.03024439699947834,3.2022294923058285,0.42409625755288033,0.23678110172170985,0.3304386796372951,1
08,517,784,145,0.02962387725710869,3.3450866351629713,0.4106791660635036,0.25084317262504086,0.33076116934427224,1
08,518,784,145,0.029680922627449036,3.392705682782019,0.41191262069941725,0.25553052959281786,0.33372157514611756,1
08,519,784,145,0.029327169060707092,3.392705682782019,0.40426363929627196,0.25553052959281786,0.3298970844445449,1
08,520,784,145,0.0290016308426857,3.392705682782019,0.3972247398765662,0.25553052959281786,0.32637763473469206,1
08,521,784,145,0.029568219557404518,3.392705682782019,0.4094757161198042,0.25553052959281786,0.332503122856311,1
08,522,784,145,0.029086655005812645,3.392705682782019,0.3990631616020789,0.25553052959281786,0.32729684559744837,1
08,523,784,145,0.029435141012072563,3.392705682782019,0.4065982459990738,0.25553052959281786,0.3310643877959458,1
08,524,784,145,0.02821461670100689,3.392705682782019,0.3802076491680364,0.25553052959281786,0.31786908938042713,1
08,525,784,145,0.029541892930865288,3.392705682782019,0.4089064727375798,0.25553052959281786,0.3322185011651988,1
08,526,784,145,0.027575192973017693,3.392705682782019,0.3663818091937159,0.25553052959281786,0.31095616939326687,1
08,527,784,145,0.029207894578576088,3.392705682782019,0.40168464538225335,0.25553052959281786,0.3286075874875356,1
08,528,784,145,0.02948630042374134,3.392705682782019,0.4077044324102932,0.25553052959281786,0.3316174810015555,1
08,529,784,145,0.03153175488114357,3.392705682782019,0.4519319528555176,0.25553052959281786,0.35373124122416777,1
08,530,784,145,0.02988848276436329,3.392705682782019,0.4164005574343409,0.25553052959281786,0.3359655435135794,1
08,531,784,145,0.028882503509521484,3.392705682782019,0.39464892766816495,0.25553052959281786,0.3250897286304914,1
08,532,784,145,0.03078472800552845,3.392705682782019,0.435779480579816,0.25553052959281786,0.34565500508631697,1
08,533,784,145,0.029589511454105377,3.392705682782019,0.4099360968402094,0.25553052959281786,0.3327333132165136,1
08,534,784,145,0.029407836496829987,3.392705682782019,0.4060078583706581,0.25553052959281786,0.330769193981738,1
08,535,784,145,0.03060336783528328,3.392705682782019,0.43185804854380055,0.25553052959281786,0.34369428906830923,1
08,536,784,145,0.028869932517409325,3.392705682782019,0.39437711334903147,0.25553052959281786,0.32495382147092466,1
08,537,784,145,0.03193958103656769,3.392705682782019,0.46075011038615515,0.25553052959281786,0.3581403199894865,1
08,538,784,145,0.030489997938275337,3.392705682782019,0.42940672560202275,0.25553052959281786,0.3424686275974203,1
08,539,784,145,0.028615256771445274,3.392705682782019,0.3888704266952338,0.25553052959281786,0.32220047814402586,1
08,540,784,145,0.030576562508940697,3.392705682782019,0.4312784545496311,0.25553052959281786,0.3434044920712245,1
08,541,784,145,0.02949698269367218,3.392705682782019,0.40793540812821144,0.25553052959281786,0.3317329688605146,1
08,542,784,145,0.031200002878904343,3.392705682782019,0.4447586968542992,0.25553052959281786,0.3501446132235585,1
08,543,784,145,0.029241139069199562,3.392705682782019,0.40240346920324815,0.25553052959281786,0.328966999398033,1
08,544,784,145,0.030227985233068466,3.392705682782019,0.4237413966896584,0.25553052959281786,0.3396359631412381,1
08,545,784,145,0.02977028302848339,3.392705682782019,0.4138448020537554,0.25553052959281786,0.33468766582328663,1
08,546,784,145,0.030053244903683662,3.392705682782019,0.41996310113166935,0.25553052959281786,0.3377468153622436,1
08,547,784,145,0.030009450390934944,3.392705682782019,0.4190161611003364,0.25553052959281786,0.33727334534657716,1
08,548,784,145,0.030471399426460266,3.392705682782019,0.4290045821768416,0.25553052959281786,0.3422675558848297,1
08,549,784,145,0.029896745458245277,3.392705682782019,0.4165792162459687,0.25553052959281786,0.3360548729193933,1
08,550,784,145,0.030201971530914307,3.392705682782019,0.4231789194662152,0.25553052959281786,0.33935472452951654,1
08,551,784,145,0.0291504617780447,3.392705682782019,0.40044281359737244,0.25553052959281786,0.32798667159509515,1
08,552,784,145,0.028854241594672203,3.392705682782019,0.39403783881585913,0.25553052959281786,0.3247841842043385,1
08,553,784,145,0.030662313103675842,3.392705682782019,0.4331325834294574,0.25553052959281786,0.3443315565111376,1
08,554,784,145,0.029145829379558563,3.392705682782019,0.40034265028255767,0.25553052959281786,0.32793658993768776,1
08,555,784,145,0.031003763899207115,3.392705682782019,0.44051555007813886,0.25553052959281786,0.34802303983547833,1
08,556,784,145,0.03113706037402153,3.392705682782019,0.44339773234516333,0.25553052959281786,0.3494641309689906,1
08,557,784,145,0.03143325448036194,3.392705682782019,0.44980214328011153,0.25553052959281786,0.3526663364364647,1
08,558,784,145,0.028592592105269432,3.392705682782019,0.3883803634806515,0.25553052959281786,0.3219554465367347,1
08,559,784,145,0.02856588363647461,3.392705682782019,0.38780286377372386,0.25553052959281786,0.32166669668327086,0
08,560,784,145,0.02925216220319271,3.392705682782019,0.4026418152012674,0.25553052959281786,0.32908617239704263,0
08,561,784,145,0.029302215203642845,3.392705682782019,0.40372407840822466,0.25553052959281786,0.32962730400052126,0
08,562,784,145,0.03004920668900013,3.392705682782019,0.41987578546358795,0.25553052959281786,0.3377031575282029,0
08,563,784,145,0.029916325584053993,3.392705682782019,0.41700258446685046,0.25553052959281786,0.33626655702983416,0
08,564,784,145,0.029491368681192398,3.392705682782019,0.40781402001769607,0.25553052959281786,0.33167227480525696,0
08,565,784,145,0.029371103271842003,3.392705682782019,0.40521359993420364,0.25553052959281786,0.3303720647635108,0
08,566,784,145,0.03118237853050232,3.392705682782019,0.44437761712580004,0.25553052959281786,0.34995407335930895,0
08,567,784,145,0.030486755073070526,3.392705682782019,0.42933660725417694,0.25553052959281786,0.34243356842349737,0
08,568,784,145,0.029430218040943146,3.392705682782019,0.4064917998225336,0.25553052959281786,0.3310111647076757,0
08,569,784,145,0.029932796955108643,3.392705682782019,0.41735873412222124,0.25553052959281786,0.33644463185751955,0
08,570,784,145,0.02935190312564373,3.392705682782019,0.4047984477632705,0.25553052959281786,0.33016448867804415,0
08,571,784,148,0.03110162727534771,1.658063734399614,0.44263158568745464,0.08478192310249798,0.2637067543949763,0
08,572,784,148,0.03108222410082817,1.547518074235634,0.44221204356826466,0.073900416723528,0.25805623014589635,0
08,573,784,148,0.031083248555660248,1.4692838967648139,0.4422341946833222,0.06619947486891879,0.2542168347761205,0
08,574,784,148,0.029842635616660118,1.4233612019871569,0.4154092346233835,0.06167909753867069,0.2385441660810271,0
08,575,784,148,0.0300061646848917,1.4097499899026624,0.41894511643313365,0.060339284732783625,0.23964220058295863,0
08,576,784,148,0.030438702553510666,1.4284502605113307,0.4282975991337139,0.06218003645125762,0.24523881779248577,0
08,577,784,148,0.029342062771320343,1.4794620138131593,0.4045856762344541,0.06720135269409244,0.23589351446427326,0
08,578,784,148,0.028555696830153465,1.5627852498081505,0.3875826011405425,0.07540323346128831,0.2314929173009154,0
08,579,784,149,0.028399892151355743,0.9930934205743378,0.3842137387383263,0.019325905191148626,0.20176982196473747,0
08,580,784,149,0.028384128585457802,1.0304939617916746,0.3838728934897226,0.023007408628096648,0.2034401510589096,0
08,581,784,149,0.029454678297042847,1.1325174683953316,0.4070206879005986,0.03305004111376627,0.22003536450718242,0
08,582,784,149,0.029569443315267563,1.2974675875439237,0.4095021766336093,0.049286823010629116,0.22939449982211924,0
08,583,784,149,0.02835807204246521,1.4879437780201141,0.3833094899469225,0.06803625088173718,0.22567287041432982,0
08,584,784,149,0.029872694984078407,1.6784199684963046,0.4160591886139267,0.08678567875284525,0.25142243368338596,0
08,585,784,149,0.029278071597218513,1.868896158972495,0.4032020370384502,0.10553510662395332,0.25436857183120176,0
08,586,784,152,0.031439509242773056,1.0187810493154008,0.44993738590622656,0.021854453988015533,0.23589591994712106,0
08,587,784,152,0.03142738342285156,0.8537905408134431,0.44967519725345445,0.0056136963854973125,0.22764444681947588,0
08,588,784,152,0.030737724155187607,0.7585120562219824,0.43476314714622094,0.0,0.21738157357311047,0
08,589,784,152,0.030296172946691513,0.7601680197100047,0.4252157749078889,0.0,0.21260788745394446,0
08,590,784,152,0.029736872762441635,0.8587584312775153,0.4131223937795967,0.006102708181117671,0.2096125509803572,0
08,591,784,152,0.028746511787176132,1.0474978795589498,0.3917084678311618,0.024681180709041486,0.20819482427010164,0
08,592,784,152,0.03012286312878132,1.1461286804798259,0.4214684103614712,0.03438985391965331,0.22792913214056226,0
08,593,784,152,0.02946014702320099,1.277070964093865,0.40713893458025124,0.04727909165462622,0.22720901311743874,0
08,594,784,152,0.029759837314486504,1.4403247304010667,0.4136189412296777,0.06334889391396017,0.23848391757181892,0
08,595,784,152,0.02948940545320511,1.6308009208772571,0.4077715704262949,0.08209832178506825,0.2449349461056816,0
08,596,784,152,0.029170813038945198,1.8212771113534476,0.40088285556667935,0.10084774965617632,0.2508653026114278,0
08,597,784,152,0.031000709161162376,2.011753301829638,0.4404494994805127,0.11959717752728437,0.28002333850389854,0
08,598,784,155,0.029530705884099007,0.9218062118825469,0.40866458256115135,0.012308784709276972,0.21048668363521417,0
08,599,784,155,0.029130132868885994,0.8299204329738697,0.40000325492512134,0.0032640543431256427,0.2016336546341235,0
08,600,784,157,0.030537603422999382,1.9406276505513145,0.4304360677813698,0.1125959598680347,0.27151601382470225,0
08,601,784,157,0.03021758235991001,1.600468516499051,0.4235164621849376,0.07911256683782435,0.251314514511381,0
08,602,784,157,0.03080686926841736,1.3249323478331108,0.4362582265883416,0.05199030285633589,0.24412426472233875,0
08,603,784,157,0.030371271073818207,1.114019144553496,0.4268395724658713,0.03122916792356956,0.22903437019472042,0
08,604,784,157,0.030750419944524765,0.9711216123429849,0.43503765987391596,0.017163121314582884,0.2261003905942494,0
08,605,784,157,0.030267156660556793,0.9251585282119622,0.4245883747799498,0.012638768278679404,0.2186135715293146,0
08,606,784,157,0.029896466061472893,0.9727371864776444,0.4165731750327712,0.017322149540801073,0.21694766228678614,0
08,607,784,161,0.028733516111969948,3.2263419362656003,0.3914274708679681,0.2391545979980142,0.3152910344329911,0
08,608,784,161,0.028950177133083344,2.830081990387334,0.3961121900541121,0.20014894981238207,0.29813056993324705,0
08,609,784,161,0.02712392807006836,2.4661335272022287,0.3566244041098836,0.16432386615111078,0.2604741351304972,0
08,610,784,163,0.0285636056214571,3.8453895553132194,0.3877536077487868,0.3000902385791154,0.3439219231639511,0
08,611,784,163,0.02807643450796604,3.353891514196858,0.37721982621956474,0.25170987645792925,0.314464851338747,0
08,612,784,163,0.029565775766968727,2.894704955773657,0.40942287564170327,0.20651007886110395,0.3079664772514036,0
08,613,784,163,0.028664207085967064,2.4712225857264,0.3899288472474382,0.16482480506369745,0.2773768261555678,0
08,614,784,164,0.028834432363510132,2.73823660083202,0.3936095168001554,0.19110819515188582,0.2923588559760206,0
08,615,784,164,0.02849355712532997,2.265438830324327,0.3862389950506608,0.1445685847491737,0.26540378989991725,0
08,616,784,164,0.029451044276356697,1.862353083727129,0.40694211185427626,0.10489104230777015,0.2559165770810232,0
08,617,784,164,0.030618291348218918,1.5545054323680259,0.4321807298780571,0.07458821380192063,0.25338447183998886,0
08,618,784,164,0.030154258012771606,1.3112807463952483,0.4221472413510985,0.050646514344793225,0.23639687784794586,0
08,619,784,164,0.02836265042424202,1.270447110141765,0.3834084852938524,0.04662707592713204,0.21501778061049223,0
08,620,784,164,0.02893160656094551,1.2619249565814445,0.39571065075025064,0.04578820203383194,0.2207494263920413,0
08,621,784,165,0.029157845303416252,1.0935417423967035,0.4006024627248054,0.029213485156255686,0.21490797394053052,0
08,622,784,165,0.02761748619377613,1.134334989296821,0.3672962877728008,0.033228947868261485,0.20026261782053115,0
08,623,784,165,0.02782450243830681,1.2397512015832617,0.3717724642793666,0.043605539628989165,0.2076890019541779,0
08,624,784,165,0.029036380350589752,1.4080940264146373,0.3979761056993183,0.06017628080091007,0.2290761932501142,0
08,625,784,167,0.029761390760540962,0.903065551920513,0.4136525303750559,0.010464057285147606,0.21205829383010175,0
08,626,784,167,0.028588466346263885,0.7329455955410159,0.38829115489910154,0.0,0.19414557744955077,0
08,627,784,167,0.02724004164338112,0.6631527929237853,0.359135051765261,0.0,0.1795675258826305,0
08,628,784,167,0.027283694595098495,0.7957914293792147,0.3600789309152405,0.0,0.18003946545762026,0
08,629,784,167,0.02802502177655697,0.9930530312209696,0.3761081624417129,0.019321929485492998,0.19771504596360295,0
08,630,784,167,0.027470165863633156,1.249848539924876,0.3641108768780158,0.04459946604285209,0.20435517146043394,0
08,631,784,168,0.028548959642648697,0.6937679227755577,0.38743692735297314,0.0,0.19371846367648657,0
08,632,784,168,0.02796204946935177,0.7838765701361134,0.3747465535365026,0.0,0.1873732767682513,0
08,633,784,168,0.028130901977419853,0.9641342542105904,0.37839754059504266,0.016475324236189998,0.19743643241561631,0
08,634,784,168,0.02855052426457405,1.2022294923058285,0.3874707581468792,0.039912109075075086,0.21369143361097714,0
08,635,784,168,0.0283097755163908,1.392705682782019,0.38226520583360024,0.05866153694618316,0.2204633713898917,0
08,636,784,170,0.027636419981718063,0.5697322185871796,0.36770568065381903,0.0,0.18385284032690952,0
08,637,784,171,0.0289361122995615,0.9950321095359265,0.3958080753817492,0.019516739062610183,0.2076624072221797,0
08,638,784,171,0.027969112619757652,0.7331071529544831,0.37489927540613577,0.0,0.18744963770306788,0
08,639,784,171,0.028307944536209106,0.5476796316490958,0.3822256157497792,0.0,0.1911128078748896,0
08,640,784,171,0.02891603857278824,0.49489074679914324,0.3953740343508852,0.0,0.1976870171754426,0
08,641,784,171,0.02794557809829712,0.5713477927218391,0.3743904038811319,0.0,0.18719520194056594,0
08,642,784,171,0.028930749744176865,0.7175572519083974,0.39569212436311163,0.0,0.19784606218155582,0
08,643,784,173,0.03110620751976967,1.0018175209014881,0.4427306213091392,0.020184657612725757,0.23145763946093248,0
08,644,784,173,0.02867339551448822,0.7313704107597219,0.39012752261212713,0.0,0.19506376130606357,0
08,645,784,173,0.028499692678451538,0.5629468072216152,0.3863716600924782,0.0,0.1931858300462391,0
08,646,784,173,0.02974158711731434,0.5152873702491994,0.4132243291836161,0.0,0.20661216459180806,0
08,647,784,173,0.029551196843385696,0.564562381356272,0.409107645137057,0.0,0.2045538225685285,0
08,648,784,173,0.031175751239061356,0.7107718405428329,0.44423431954875503,0.0,0.22211715977437752,0
08,649,784,173,0.03196558728814125,0.9403449250777507,0.4613124265105797,0.014133633605129299,0.2377230300578545,0
08,650,784,173,0.030040843412280083,1.2022294923058285,0.41969495181520905,0.039912109075075086,0.22980353044514207,0
08,651,784,173,0.030122380703687668,1.4879437780201141,0.4214579792000168,0.06803625088173718,0.24474711504087698,0
08,652,784,175,0.030606204643845558,0.6479663960579997,0.43191938699513266,0.0,0.21595969349756633,0
08,653,784,175,0.028857937082648277,0.6479260067046342,0.3941177439290849,0.0,0.19705887196454244,0
08,654,784,175,0.03093920275568962,0.7448200654307516,0.439119586807212,0.0,0.219559793403606,0
08,655,784,175,0.030438920482993126,0.931863160870793,0.42830231128000795,0.013298735417484279,0.2208005233487461,0
08,656,784,175,0.030972398817539215,1.18352922169716,0.43983736348458596,0.03807135735660107,0.2389543604205935,0
08,657,784,175,0.030227651819586754,1.392705682782019,0.423734187508576,0.05866153694618316,0.24119786222737957,0
08,658,784,179,0.03040645830333233,2.2263419362656003,0.4276004028559662,0.1407201016746968,0.2841602522653315,0
08,659,784,179,0.03057699091732502,1.8777010380063819,0.4312877177432006,0.1064018104568417,0.26884476410002117,0
08,660,784,179,0.03216526284813881,1.5613716224403238,0.4656298802090695,0.07526408376334744,0.2704469819862085,0
08,661,784,179,0.03274635225534439,1.287531806615774,0.47819439541725844,0.04830879941938787,0.26325159741832316,0
08,662,784,179,0.03264729678630829,1.0783149561775496,0.4760525839649666,0.027714644124150437,0.2518836140445585,0
08,663,784,179,0.03118116408586502,0.9337210711256508,0.4443513579857682,0.013481617877635134,0.22891648793170166,0
08,664,784,179,0.03168018162250519,0.8486610929359009,0.45514128695456485,0.005108781767254735,0.23012503436090978,0
08,665,784,179,0.03154507279396057,0.8282240801324766,0.4522199173512658,0.003097074705596481,0.22765849602843116,0
08,666,784,180,0.032831061631441116,0.911668484187567,0.4800260107092353,0.01131088258975868,0.245668446649497,0
08,667,784,180,0.03287053853273392,0.8146936467547159,0.48087959385928936,0.0017652133110204029,0.2413224035851549,0
08,668,784,181,0.03113357536494732,1.0426107678016059,0.443322378279213,0.024200120324731577,0.23376124930197228,0
08,669,784,181,0.031210042536258698,0.8606163415323703,0.4449757777818632,0.0062855906412682535,0.22563068421156574,1
08,670,784,181,0.03147566318511963,0.7857344803909657,0.4507191188939848,0.0,0.2253595594469924,1
08,671,784,181,0.03125380352139473,0.8384021971808219,0.4459219928676124,0.0040989525307701166,0.22501047269919128,1
08,672,784,181,0.03155241534113884,0.9846116563673801,0.45237868043409646,0.018491007003503607,0.23543484371880002,1
08,673,784,181,0.031777769327163696,1.1835696110505256,0.4572513619001924,0.03807533306225643,0.2476633474812244,1
08,674,784,181,0.03116195648908615,1.4148390484268336,0.44393604471581644,0.0608402236453703,0.25238813418059336,1
08,675,784,181,0.0305542703717947,1.6784199684963046,0.4307964462859788,0.08678567875284525,0.25879106251941203,1
08,676,784,181,0.029943695291876793,1.9641342542105904,0.4175943817116789,0.11490982055950737,0.2662521011355931,1
08,677,784,181,0.03120926022529602,2.249848539924876,0.44495886238491017,0.14303396236616947,0.2939964123755398,1
08,678,784,181,0.03260055184364319,2.535562825639162,0.4750418487222679,0.1711581041728316,0.32309997644754973,1
08,679,784,181,0.03027227893471718,2.630800920877257,0.42469913035523754,0.1805328181083856,0.3026159742318116,1
08,680,784,181,0.03145315498113632,2.7260390161153523,0.4502324387587931,0.18990753204393965,0.3200699854013664,1
08,681,784,181,0.030752578750252724,2.8212771113534476,0.43508433831455545,0.19928224597949368,0.31718329214702456,1
08,682,784,181,0.02961418405175209,2.916515206591543,0.4104695762403045,0.20865695991504776,0.30956326807767615,1
08,683,784,181,0.031075989827513695,3.011753301829638,0.44207724396445075,0.21803167385060176,0.33005445890752627,1
08,684,784,181,0.03033750131726265,3.106991397067733,0.42610939116406515,0.22740638778615577,0.3267578894751105,1
08,685,784,181,0.031152263283729553,3.2022294923058285,0.44372645489261736,0.23678110172170985,0.34025377830716363,1
08,686,784,181,0.030516386032104492,3.297467587543924,0.4299772980511506,0.24615581565726385,0.3380665568542072,1
08,687,784,181,0.03220821171998978,3.3450866351629713,0.46655853550179127,0.25084317262504086,0.35870085406341606,1
08,688,784,181,0.030994921922683716,3.392705682782019,0.44032436581781487,0.25553052959281786,0.34792744770531636,1
08,689,784,181,0.030544376000761986,3.392705682782019,0.4305825067892775,0.25553052959281786,0.34305651819104765,1
08,690,784,181,0.03038337267935276,3.392705682782019,0.42710123754683293,0.25553052959281786,0.3413158835698254,1
08,691,784,181,0.03119804337620735,3.392705682782019,0.44471632781240733,0.25553052959281786,0.3501234287026126,1
08,692,784,181,0.03168810158967972,3.392705682782019,0.455312535211337,0.25553052959281786,0.3554215324020774,1
08,693,784,181,0.03085733950138092,3.392705682782019,0.4373495113403405,0.25553052959281786,0.3464400204665792,1
08,694,784,181,0.03256592899560928,3.392705682782019,0.47429322158283205,0.25553052959281786,0.36491187558782495,1
08,695,784,181,0.0316750630736351,3.392705682782019,0.45503061192878635,0.25553052959281786,0.3552805707608021,1
08,696,784,181,0.030139422044157982,3.392705682782019,0.4218264529303105,0.25553052959281786,0.3386784912615642,1
08,697,784,181,0.03276922553777695,3.392705682782019,0.47868896940436156,0.25553052959281786,0.3671097494985897,1
08,698,784,181,0.03177614137530327,3.392705682782019,0.4572161617646282,0.25553052959281786,0.35637334567872303,1
08,699,784,181,0.031142856925725937,3.392705682782019,0.4435230673816344,0.25553052959281786,0.3495267984872261,1
08,700,784,181,0.03128807991743088,3.392705682782019,0.4466631289026834,0.25553052959281786,0.35109682924775065,1
08,701,784,181,0.03103547729551792,3.392705682782019,0.4412012680508113,0.25553052959281786,0.34836589882181457,1
08,702,784,181,0.03153829649090767,3.392705682782019,0.45207339779384875,0.25553052959281786,0.3538019636933333,1
08,703,784,181,0.03228338435292244,3.392705682782019,0.46818394404995967,0.25553052959281786,0.36185723682138876,1
08,704,784,181,0.03154096379876137,3.392705682782019,0.45213107124250773,0.25553052959281786,0.3538308004176628,1
08,705,784,181,0.03193749114871025,3.392705682782019,0.4607049221114377,0.25553052959281786,0.35811772585212776,1
08,706,784,181,0.03203704208135605,3.392705682782019,0.4628574466484665,0.25553052959281786,0.3591939881206422,1
08,707,784,181,0.03262966498732567,3.392705682782019,0.47567134313744885,0.25553052959281786,0.36560093636513336,1
08,708,784,181,0.032135896384716034,3.392705682782019,0.46499490842725616,0.25553052959281786,0.36026271901003704,1
08,709,784,181,0.0316525399684906,3.392705682782019,0.45454360959555745,0.25553052959281786,0.3550370695941877,1
08,710,784,181,0.03166183456778526,3.392705682782019,0.45474458062126144,0.25553052959281786,0.35513755510703965,1
08,711,784,181,0.03226108476519585,3.392705682782019,0.4677017746872888,0.25553052959281786,0.3616161521400533,1
08,712,784,181,0.03033851459622383,3.392705682782019,0.4261313006305948,0.25553052959281786,0.3408309151117063,1
08,713,784,181,0.03198450431227684,3.392705682782019,0.46172145691880606,0.25553052959281786,0.35862599325581196,1
08,714,784,181,0.03080526925623417,3.392705682782019,0.4362236305740972,0.25553052959281786,0.3458770800834575,1
08,715,784,181,0.03087359294295311,3.392705682782019,0.4377009488494172,0.25553052959281786,0.34661573922111755,1
08,716,784,181,0.031082600355148315,3.392705682782019,0.4422201790687039,0.25553052959281786,0.3488753543307609,1
08,717,784,181,0.03087327443063259,3.392705682782019,0.43769406186637205,0.25553052959281786,0.34661229572959495,1
08,718,784,181,0.030258214101195335,3.392705682782019,0.4243950156828747,0.25553052959281786,0.33996277263784624,1
08,719,784,181,0.031545065343379974,3.392705682782019,0.4522197562522472,0.25553052959281786,0.3538751429225325,1
08,720,784,181,0.03026796504855156,3.392705682782019,0.42460585402346795,0.25553052959281786,0.3400681918081429,1
08,721,784,181,0.03059113770723343,3.392705682782019,0.4315936045047681,0.25553052959281786,0.343562067048793,1
08,722,784,181,0.030341213569045067,3.392705682782019,0.4261896587500828,0.25553052959281786,0.34086009417145036,1
08,723,784,181,0.03022545389831066,3.392705682782019,0.4236866632980889,0.25553052959281786,0.3396085964454534,1
08,724,784,181,0.030875641852617264,3.392705682782019,0.4377452510795323,0.25553052959281786,0.3466378903361751,1
08,725,784,181,0.03316526487469673,3.392705682782019,0.4872522682875733,0.25553052959281786,0.37139139894019557,1
08,726,784,181,0.030967317521572113,3.392705682782019,0.4397274939539005,0.25553052959281786,0.34762901177335914,1
08,727,784,181,0.03184453397989273,3.392705682782019,0.4586949702058703,0.25553052959281786,0.35711274989934405,0
08,728,784,181,0.030251720920205116,3.392705682782019,0.4242546178881645,0.25553052959281786,0.3398925737404912,0
08,729,784,181,0.032016269862651825,3.392705682782019,0.4624083025846087,0.25553052959281786,0.35896941608871324,0
08,730,784,181,0.031091883778572083,3.392705682782019,0.44242090844588,0.25553052959281786,0.34897571901934893,0
08,731,784,181,0.030143454670906067,3.392705682782019,0.42191364777412793,0.25553052959281786,0.33872208868347287,0
08,732,784,181,0.031278375536203384,3.392705682782019,0.44645329743095646,0.25553052959281786,0.3509919135118872,0
08,733,784,181,0.03176342323422432,3.392705682782019,0.4569411657398774,0.25553052959281786,0.35623584766634764,0
08,734,784,181,0.03173600509762764,3.392705682782019,0.45634832135142805,0.25553052959281786,0.355939425472123,0
08,735,784,181,0.031094353646039963,3.392705682782019,0.442474312770546,0.25553052959281786,0.3490024211816819,0
08,736,784,181,0.031799815595149994,3.392705682782019,0.4577280538962309,0.25553052959281786,0.3566292917445244,0
08,737,784,183,0.033213045448064804,1.9556524900036354,0.4882853962938574,0.1140749223718626,0.30118015933286,0
08,738,784,184,0.032060518860816956,1.5628256391615187,0.46336506965607627,0.07540720916694393,0.26938613941151013,0
08,739,784,184,0.03189503028988838,1.4522799789975387,0.4597868188044342,0.06452570278797395,0.2621562607962041,0
08,740,784,184,0.03258116915822029,1.3757421543681092,0.4746227496253791,0.056991740570893665,0.26580724509813636,0
08,741,784,184,0.03254406526684761,1.3621309422836148,0.4738204765127492,0.055651927765006604,0.26473620213887794,0
08,742,784,184,0.031964536756277084,1.3808312128922833,0.46128971154895704,0.05749267948348062,0.2593911955162188,0
08,743,784,186,0.031145114451646805,1.0952380952380967,0.4435718803842703,0.02938046479378485,0.2364761725890276,0
08,744,784,186,0.030470430850982666,0.8928470455188021,0.42898363930442357,0.009458203754318604,0.2192209215293711,0
08,745,784,186,0.030410442501306534,0.7550789611858306,0.4276865505561627,0.0,0.21384327527808136,0
08,746,784,186,0.029445890337228775,0.6870229007633587,0.40683067160815944,0.0,0.20341533580407972,0
08,747,784,186,0.03150472044944763,0.7108122298961984,0.4513474050665262,0.0,0.2256737025332631,0
08,748,784,186,0.030173473060131073,0.7992245244153637,0.4225627157200688,0.0002425180449824961,0.21140261688252565,0
08,749,784,186,0.030825603753328323,0.9488670786380711,0.43666331007061226,0.014972507498429401,0.22581790878452082,0
08,750,784,186,0.030729100108146667,1.1308211155539412,0.43457667503219105,0.03288306147623737,0.2337298682542142,0
08,751,784,187,0.030474839732050896,0.6495819701926564,0.4290789696486803,0.0,0.21453948482434015,0
08,752,784,187,0.03053351677954197,0.7856133123308693,0.4303477049696675,0.0,0.21517385248483376,0
08,753,784,187,0.03104494884610176,0.9862676198554051,0.441406065178207,0.01865401093537715,0.2300300380567921,0
08,754,784,187,0.029707137495279312,1.249848539924876,0.4124794475963627,0.04459946604285209,0.22853945681960738,0
08,755,784,187,0.03130290284752846,1.5355628256391618,0.4469836354001888,0.0727236078495142,0.2598536216248515,0
08,756,784,187,0.031284306198358536,1.8212771113534476,0.4465815322497623,0.10084774965617632,0.2737146409529693,0
08,757,784,189,0.03162616118788719,0.7566945353204901,0.4539732385202029,0.0,0.22698661926010144,0
08,758,784,189,0.0324883870780468,0.8247102063895966,0.47261658354674874,0.0027511883135723546,0.23768388593016054,0
08,759,784,189,0.03189807012677193,0.9097297952259783,0.4598525472040232,0.011120048718297125,0.23548629796116016,0
08,760,784,190,0.03108891099691391,0.6478856173512687,0.44235662993745845,0.0,0.22117831496872922,0
08,761,784,190,0.029919182881712914,0.6563673815582236,0.4170643659404837,0.0,0.20853218297024184,0
08,762,784,190,0.03267953544855118,0.7617835938446641,0.4767496594184504,0.0,0.2383748297092252,0
08,763,784,191,0.032914768904447556,0.6309220889373561,0.4818359581832104,0.0,0.2409179790916052,0
08,764,784,191,0.030809879302978516,0.5339472515045051,0.4363233105918562,0.0,0.2181616552959281,0
08,765,784,191,0.030551524832844734,0.5662183448442997,0.43073708129762456,0.0,0.21536854064881228,0
08,766,784,193,0.031240958720445633,1.2739609838846477,0.4456442581595454,0.04697296231915644,0.2463086102393509,0
08,767,784,193,0.030136149376630783,0.9729391332444772,0.42175569018639025,0.017342028069078384,0.2195488591277343,0
08,768,784,193,0.030334344133734703,0.7042287652974667,0.4260411254549332,0.0,0.2130205627274666,0
08,769,784,194,0.03120913915336132,1.2280382891069905,0.4449562445258579,0.04245258498890831,0.2437044147573831,0
08,770,784,194,0.03174887225031853,0.9134052263823256,0.4566265393565509,0.011481837932943198,0.23405418864474706,0
08,771,784,195,0.03211808577179909,1.4168181267417905,0.464609801223292,0.06103503322248748,0.26282241722288974,0
08,772,784,195,0.03070242702960968,1.0732662870067438,0.4339999405456017,0.027217680917219104,0.2306088107314104,0
08,773,784,195,0.03074604459106922,0.8266488953511826,0.4349430544752429,0.0029420221850336476,0.21894253833013827,0
08,774,784,195,0.03199799358844757,0.6752695989337193,0.462013126691982,0.0,0.231006563345991,0
08,775,784,195,0.03303324803709984,0.6105658548406628,0.48439775477699343,0.0,0.24219887738849671,0
08,776,784,196,0.03293570503592491,0.6480471747647305,0.4822886464254774,0.0,0.2411443232127387,0
08,777,784,196,0.03226718306541443,0.4847530191041634,0.4678336342340132,0.0,0.2339168171170066,0
08,778,784,196,0.032133616507053375,0.5272022294923033,0.46494561212756447,0.0,0.23247280606378223,0
08,779,784,196,0.0311578381806612,0.6972010178117041,0.4438469972332851,0.0,0.22192349861664254,0
08,780,784,196,0.03316083550453186,0.9641342542105904,0.48715649492101537,0.016475324236189998,0.25181590957860267,0
08,781,784,196,0.03191307932138443,1.249848539924876,0.46017708117699363,0.04459946604285209,0.2523882736099229,0
08,782,784,196,0.03337537869811058,1.5355628256391618,0.49179542171112217,0.0727236078495142,0.2822595147803182,0
08,783,784,196,0.03242025896906853,1.8212771113534476,0.471143494120667,0.10084774965617632,0.28599562188842165,0
09,35,853,11,0.028447816148400307,0.34185548689365575,0.3852499679007185,0.0,0.19262498395035926,0
09,36,853,11,0.027897896245121956,0.30776687265236885,0.3733594104368442,0.0,0.1866797052184221,0
09,37,853,12,0.027291400358080864,0.5171452805040578,0.360245547575228,0.0,0.180122773787614,0
09,38,853,13,0.027480799704790115,1.1311038410275043,0.3643408054523132,0.03291089141582532,0.19862584843406925,0
09,39,853,13,0.02743237093091011,0.782462942768286,0.3632936618314108,0.0,0.1816468309157054,0
09,40,853,13,0.028112567961215973,0.47631164425057465,0.37800111618502186,0.0,0.18900055809251093,0
09,41,853,13,0.027160415425896645,0.32315521628498733,0.35741334627872423,0.0,0.17870667313936212,0
09,42,853,15,0.02766231819987297,1.5596752695989333,0.36826566084247386,0.07509710412581853,0.2216813824841462,0
09,43,853,15,0.027304401621222496,1.1634153237206677,0.36052666536268557,0.03609145594018645,0.198309060651436,0
09,44,853,16,0.029994770884513855,1.7025324124560763,0.41869875575893906,0.0891591750291496,0.2539289653940443,0
09,45,853,16,0.028987731784582138,1.307968819419201,0.3969242096573672,0.0503205064810464,0.2236223580692068,0
09,46,853,16,0.028777452185750008,0.9780281917686499,0.39237747178065446,0.017842966981665202,0.20511021938115984,0
09,47,853,16,0.02978571318089962,0.7637222828062514,0.41417843812127675,0.0,0.20708921906063837,0
09,48,853,16,0.029451146721839905,0.6140393392301787,0.40694432696578203,0.0,0.20347216348289102,0
09,49,853,17,0.030029961839318275,0.796033765499413,0.41945966669854323,0.0,0.20972983334927162,0
09,50,853,17,0.028882956132292747,0.6174320449129609,0.39465871443354494,0.0,0.19732935721677247,0
09,51,853,17,0.02939528413116932,0.5357647724059932,0.4057364467990711,0.0,0.20286822339953556,0
09,52,853,17,0.026955701410770416,0.61561452401147,0.35298694936890596,0.0,0.17649347468445298,0
09,53,853,20,0.027876218780875206,2.0834847934084566,0.3728906928422264,0.12665803077136567,0.24977436180679605,0
09,54,853,20,0.02780977264046669,1.639605799911143,0.3714539715195937,0.08296502561795654,0.22720949856877512,0
09,55,853,20,0.02763064205646515,1.2756573367260389,0.3675807483648944,0.0471399419566854,0.2073603451607899,0
09,56,853,20,0.028896544128656387,0.9508057675996604,0.39495251876871734,0.015163341369891023,0.20505793006930417,0
09,57,853,20,0.02754901349544525,0.6990589280665611,0.3658157475171088,0.0,0.1829078737585544,0
09,58,853,20,0.027345839887857437,0.5969546427561705,0.36142265782938615,0.0,0.18071132891469308,0
09,59,853,20,0.027851510792970657,0.6632335716305197,0.3723564482217929,0.0,0.18617822411089646,0
09,60,853,21,0.028012722730636597,0.6173916555595941,0.37584222823675834,0.0,0.18792111411837917,0
09,61,853,21,0.027720963582396507,0.5543842643079293,0.369533711492632,0.0,0.184766855746316,0
09,62,853,21,0.026511572301387787,0.6427561694737278,0.3433838368701382,0.0,0.1716919184350691,0
09,63,853,21,0.02762497588992119,0.8468031826810458,0.3674582325612488,0.004925899307104153,0.18619206593417648,0
09,64,853,23,0.028383426368236542,0.9099721313461766,0.3838577099072195,0.011143902952229792,0.19750080642972465,0
09,65,853,23,0.027223248034715652,0.7109737873096658,0.35877193457733575,0.0,0.17938596728866787,0
09,66,853,23,0.026292335242033005,0.57999111434226,0.33864341769831313,0.0,0.16932170884915657,0
09,67,853,23,0.02770080789923668,0.5561210065026839,0.36909789837256335,0.0,0.18454894918628167,0
09,68,853,23,0.028878118842840195,0.661496829435759,0.3945541208957186,0.0,0.1972770604478593,0
09,69,853,25,0.02846488356590271,1.0851407568964822,0.38561900547757727,0.028386538379921902,0.20700277192874958,0
09,70,853,25,0.02884107269346714,0.8129972939133254,0.393753096300483,0.0015982336734915038,0.19767566498698724,0
09,71,853,25,0.027029355987906456,0.637788279009653,0.3545795339920345,0.0,0.17728976699601726,0
09,72,853,25,0.02799949236214161,0.566299123551032,0.3755561566544787,0.0,0.18777807832723936,0
09,73,853,25,0.027471601963043213,0.6240558988650594,0.36414192871385104,0.0,0.18207096435692552,0
09,74,853,25,0.028439942747354507,0.7515650874429506,0.3850797265128126,0.0,0.1925398632564063,0
09,75,853,27,0.027731655165553093,0.9440203562340966,0.36976488858432355,0.01449542281977524,0.1921301557020494,0
09,76,853,27,0.028347665444016457,0.6854881053354343,0.38308447489269243,0.0,0.19154223744634621,0
09,77,853,27,0.02663329802453518,0.5238903025162575,0.3460158323612763,0.0,0.17300791618063815,0
09,78,853,27,0.02778245508670807,0.4694050648249104,0.37086330196789546,0.0,0.18543165098394773,0
09,79,853,29,0.027288097888231277,1.5120562219798859,0.3601741404352333,0.07040974715804153,0.21529194379663744,0
09,80,853,29,0.027823200449347496,1.11579627610162,0.37174431222586624,0.03140409897240943,0.20157420559913783,0
09,81,853,29,0.02604682371020317,0.80964497758391,0.33333488283739393,0.0012682501040890608,0.1673015664707415,0
09,82,853,29,0.028269756585359573,0.6106062441940296,0.38139990272994306,0.0,0.19069995136497153,0
09,83,853,29,0.02682163380086422,0.5408134415767991,0.35008809335345636,0.0,0.17504404667672818,0
09,84,853,29,0.027422437444329262,0.6002665697322184,0.3630788765648619,0.0,0.18153943828243094,0
09,85,853,29,0.027349872514605522,0.7736984530877667,0.3615098526732036,0.0,0.1807549263366018,0
09,86,853,29,0.02767222560942173,1.011753301829638,0.3684798822624577,0.02116268120396702,0.19482128173321236,0
09,87,853,29,0.028040820732712746,1.2974675875439237,0.37644977291065496,0.049286823010629116,0.21286829796064205,0
09,88,853,32,0.026837466284632683,1.2790500424088205,0.35043042876798214,0.04747390123174327,0.1989521649998627,0
09,89,853,32,0.026742547750473022,0.9201906377478901,0.3483780675457681,0.012149756483059057,0.18026391201441358,0
09,90,853,32,0.030107051134109497,0.7296740579183327,0.42112651796924655,0.0,0.21056325898462327,0
09,91,853,32,0.029655952006578445,0.6360919261682625,0.4113726973385782,0.0,0.2056863486692891,0
09,92,853,32,0.028668612241744995,0.6394442424976778,0.39002409704218566,0.0,0.19501204852109283,0
09,93,853,32,0.02861151099205017,0.739731006906579,0.3887894341636325,0.0,0.19439471708181624,0
09,94,853,32,0.028758130967617035,0.9284704551880122,0.3919597017506691,0.012964776142426492,0.20246223894654777,0
09,95,853,32,0.028285851702094078,1.1818328688557695,0.38174791688487447,0.037904377719072166,0.20982614730197333,0
09,96,853,32,0.027729526162147522,1.392705682782019,0.36971885453975845,0.05866153694618316,0.2141901957429708,0
09,97,853,32,0.027940891683101654,1.6308009208772571,0.37428907259843225,0.08209832178506825,0.22819369719175026,0
09,98,853,33,0.028449954465031624,1.0355830203158445,0.38529620331905684,0.02350834754068319,0.20440227542987002,0
09,99,853,34,0.029561016708612442,0.7907427602084088,0.4093199736435723,0.0,0.20465998682178616,0
09,100,853,34,0.026778168976306915,0.7822206066480885,0.34914828195369646,0.0,0.17457414097684823,0
09,101,853,34,0.027587996795773506,0.8400177713154814,0.3666586578571806,0.004257980756988305,0.18545831930708445,0
09,102,853,35,0.028079429641366005,0.6326184417787453,0.37728458802504206,0.0,0.18864229401252103,0
09,103,853,36,0.028000781312584877,0.8759239064582558,0.3755840267846966,0.007792383084684269,0.19168820493469044,0
09,104,853,36,0.028224539011716843,0.7109333979562982,0.38042219278605743,0.0,0.19021109639302872,0
09,105,853,36,0.02656523697078228,0.6156549133648361,0.34454419282636195,0.0,0.17227209641318098,0
09,106,853,38,0.027211712673306465,1.5698533866472781,0.3585225130217877,0.07609898195099213,0.21731074748638993,0
09,107,853,38,0.027881789952516556,1.2160830405105205,0.37301115463338486,0.04127577611489474,0.2071434653741398,0
09,108,853,38,0.02691498026251793,0.9269356597600871,0.35210646268274565,0.012813699327519353,0.1824600810051325,0
09,109,853,38,0.02702019177377224,0.7415485278080692,0.35438138219915605,0.0,0.17719069109957802,0
09,110,853,38,0.02775506302714348,0.6207843612423757,0.3702710214260112,0.0,0.1851355107130056,0
09,111,853,38,0.025638127699494362,0.5765176299527461,0.32449791699633485,0.0,0.16224895849816742,0
09,112,853,38,0.025558674708008766,0.6530150652288075,0.32277995706198054,0.0,0.16138997853099027,0
09,113,853,38,0.026960231363773346,0.8026172300981467,0.353084897572215,0.0005764773200404911,0.17683068744612776,0
09,114,853,40,0.028574369847774506,1.0001211680600985,0.38798635555590966,0.020017677975196945,0.2040020167655533,0
09,115,853,40,0.02673218958079815,0.758592834928714,0.348154099635159,0.0,0.1740770498175795,0
09,116,853,40,0.02811545506119728,0.6139989498768139,0.3780635420547295,0.0,0.18903177102736474,0
09,117,853,40,0.027239341288805008,0.5849993941596983,0.35911990845751257,0.0,0.17955995422875629,0
09,118,853,41,0.025498749688267708,0.5799911143422593,0.3214842376553778,0.0,0.1607421188276889,0
09,119,853,41,0.02568035013973713,0.472797770507696,0.3254108651347431,0.0,0.16270543256737155,0
09,120,853,41,0.027980325743556023,0.5526475221131714,0.3751417294291293,0.0,0.18757086471456466,0
09,121,853,41,0.025686290115118027,0.7736984530877661,0.3255393013273223,0.0,0.16276965066366114,0
09,122,853,41,0.026111291721463203,1.0593723494486862,0.33472883237058826,0.025850038171744086,0.18028943527116617,0
09,123,853,42,0.025785522535443306,0.5696110505270812,0.3276849388813059,0.0,0.16384246944065295,0
09,124,853,42,0.025068743154406548,0.7345611696756746,0.3121864883463671,0.0,0.15609324417318354,0
09,125,853,42,0.025257663801312447,0.9641342542105911,0.3162713956115072,0.016475324236190064,0.16637335992384863,0
09,126,853,42,0.025961758568882942,1.2498485399248769,0.3314955750672789,0.04459946604285218,0.18804752055506554,0
09,127,853,42,0.028524206951260567,1.4403247304010673,0.38690171613842805,0.06334889391396024,0.22512530502619416,0
09,128,853,45,0.02908441796898842,1.2263419362655994,0.39901479162174414,0.04228560535137935,0.22065019848656175,0
09,129,853,45,0.02782531827688217,0.9338018498323838,0.3717901046219034,0.013489569288946042,0.19263983695542472,0
09,130,853,45,0.027233246713876724,0.7126701401510568,0.35898812946029746,0.0,0.17949406473014873,0
09,131,853,45,0.02640870399773121,0.5884728785492142,0.3411595829950776,0.0,0.1705797914975388,0
09,132,853,45,0.027357060462236404,0.5662991235510313,0.36166527295139833,0.0,0.18083263647569917,0
09,133,853,45,0.027300463989377022,0.6648895351185432,0.3604415245313553,0.0,0.18022076226567765,0
09,134,853,45,0.026813743636012077,0.8604143947655409,0.3499174894927585,0.00626571211299128,0.1780916008028749,0
09,135,853,45,0.02975347638130188,1.0389757259986274,0.41348140294254765,0.023842306815741187,0.2186618548791444,0
09,136,853,45,0.026153340935707092,1.2498485399248769,0.33563803495681405,0.04459946604285218,0.19011875049983312,0
09,137,853,45,0.025056127458810806,1.4879437780201148,0.31191370743312197,0.06803625088173725,0.1899749791574296,0
09,138,853,49,0.02531774342060089,2.0834847934084566,0.3175704578227459,0.12665803077136567,0.22211424429705579,0
09,139,853,49,0.024783164262771606,1.7348438951492384,0.3060116032381697,0.0923397395535106,0.19917567139584016,0
09,140,853,50,0.02459738217294216,2.273960983884647,0.30199455893461497,0.14540745864247373,0.22370100878854435,0
09,141,853,50,0.02588091418147087,1.8793973908477717,0.329747529891201,0.10656879009437054,0.21815815999278576,0
09,142,853,50,0.02623317576944828,1.5494567631972207,0.3373642512158716,0.07409125059498936,0.2057277509054305,0
09,143,853,50,0.028082599863409996,1.2909245122985582,0.37735313565745654,0.048642758694445995,0.21299794717595127,0
09,144,853,50,0.02755730226635933,1.1446342744052675,0.36599497017530175,0.03424275281040166,0.2001188614928517,0
09,145,853,50,0.027205485850572586,1.0629670018983,0.3583878745169925,0.026203875975079196,0.19229587524603584,0
09,146,853,50,0.03035752661526203,1.0459226947776565,0.42654238505130826,0.02452612818847873,0.2255342566198935,0
09,147,853,50,0.03038085624575615,1.0935013530433386,0.42704682635330066,0.029209509450600385,0.2281281679019505,0
09,148,853,50,0.030633876100182533,1.205702976695345,0.4325177087502144,0.040254019761444056,0.23638586425582922,0
09,149,853,50,0.029952825978398323,1.3230340482248895,0.41779180855897363,0.05180344469052988,0.23479762662475176,0
09,150,853,50,0.02991199493408203,1.4726766024475968,0.416908945662289,0.06653343414397679,0.24172118990313288,0
09,151,853,50,0.028540270403027534,1.6546306393634655,0.38724904562253043,0.08444398812178462,0.23584651687215752,0
09,152,853,53,0.03010345622897148,1.3129770992366407,0.4210487876927719,0.05081349398232232,0.2359311408375471,0
09,153,853,53,0.02967189811170101,1.1632941556605678,0.4117174895131376,0.03607952882322005,0.22389850916817883,0
09,154,853,53,0.029186364263296127,1.0782341774708193,0.40121910949325296,0.027706692712839792,0.2144629011030464,0
09,155,853,53,0.030400702729821205,1.0577971646673936,0.42747595386409737,0.025694985651181394,0.22658546975763938,0
09,156,853,54,0.027431737631559372,0.988085140756894,0.3632799684148298,0.018832917689872313,0.19105644305235106,0
09,157,853,54,0.02737126499414444,0.8911103033240428,0.3619724082303599,0.009287248411134022,0.18562982832074698,0
09,158,853,54,0.02918166294693947,0.8910699139706774,0.40111745601251614,0.009283272705478667,0.2052003643589974,0
09,159,853,54,0.029456283897161484,0.9743931499656687,0.40705540473910695,0.01748515347267455,0.21227027910589075,0
09,160,853,54,0.02970666065812111,1.0900278686538227,0.4124691372591722,0.028867598764231485,0.22066836801170187,0
09,161,853,56,0.030671611428260803,0.9303283654428692,0.4333336350046706,0.01314765860257727,0.22324064680362393,0
09,162,853,56,0.029022663831710815,0.717718809321864,0.397679522406075,0.0,0.1988397612030375,0
09,163,853,56,0.029703855514526367,0.6020437012803431,0.4124084834786692,0.0,0.2062042417393346,0
09,164,853,56,0.028331270441412926,0.5833030413183092,0.3827299765022623,0.0,0.19136498825113116,0
09,165,853,57,0.028686806559562683,0.6939698695423884,0.3904175008456078,0.0,0.1952087504228039,0
09,166,853,57,0.02963057905435562,0.5680762550991567,0.4108240746307346,0.0,0.2054120373153673,0
09,167,853,58,0.02813141793012619,0.9048830728220032,0.37840869670208077,0.0106429640396429,0.19452583037086182,0
09,168,853,58,0.029463468119502068,0.6412213740458013,0.4072107444677924,0.0,0.2036053722338962,0
09,169,853,58,0.02811005711555481,0.5391170887354093,0.3779468258157535,0.0,0.18897341290787675,0
09,170,853,58,0.02751423977315426,0.5968738640494368,0.36506385812254627,0.0,0.18253192906127313,0
09,171,853,58,0.027775205671787262,0.7720021002463756,0.3707065526227973,0.0,0.18535327631139864,0
09,172,853,58,0.02590862661600113,1.0117533018296387,0.3303467376908851,0.021162681203967085,0.17575470944742608,0
09,173,853,58,0.026371560990810394,1.2498485399248769,0.3403564641126001,0.04459946604285218,0.19247796507772616,0
09,174,853,58,0.027753189206123352,1.4879437780201148,0.3702305050228332,0.06803625088173725,0.21913337795228524,0
09,175,853,60,0.029079413041472435,0.4982834524819248,0.3989065733559993,0.0,0.19945328667799966,0
09,176,853,60,0.029151372611522675,0.5407326628700675,0.40046250795239635,0.0,0.20023125397619818,0
09,177,853,60,0.02901214174926281,0.6461488751565094,0.3974520103170567,0.0,0.19872600515852834,0
09,178,853,61,0.028669534251093864,0.5085019588836384,0.3900440330457375,0.0,0.19502201652286874,0
09,179,853,61,0.028086798265576363,0.5135506280544442,0.3774439149544378,0.0,0.1887219574772189,0
09,180,853,61,0.02701035887002945,0.6393634637909449,0.35416877176935824,0.0,0.17708438588467912,0
09,181,853,61,0.030871374532580376,0.8604143947655409,0.43765298161662897,0.00626571211299128,0.22195934686481011,0
09,182,853,62,0.02824067510664463,0.4778060503251323,0.38077109298559114,0.0,0.19038554649279557,0
09,183,853,64,0.029324578121304512,1.5596752695989327,0.40420761711255365,0.07509710412581846,0.23965236061918604,0
09,184,853,64,0.028701594099402428,1.2110343713397147,0.39073724212277483,0.04077881290796341,0.21575802751536913,0
09,185,853,64,0.03111327812075615,0.9048830728220032,0.44288350427779094,0.0106429640396429,0.2267632341587169,0
09,186,853,64,0.027987737208604813,0.7109737873096637,0.375301982677882,0.0,0.187650991338941,0
09,187,853,64,0.029671398922801018,0.5935619370733882,0.41170669587889136,0.0,0.20585334793944568,0
09,188,853,64,0.030699124559760094,0.5492952057837573,0.4339285334056071,0.0,0.21696426670280355,0
09,189,853,66,0.02858150191605091,1.4678298800436211,0.38814056759146487,0.0660563494653225,0.2270984585283937,0
09,190,853,66,0.027603155001997948,1.1548931701603453,0.36698641381052305,0.03525258204688615,0.2011194979287046,0
09,191,853,66,0.030733630061149597,0.906579425663395,0.43467462323550005,0.010809943677171929,0.22274228345633598,0
09,192,853,66,0.02877417393028736,0.722888646552769,0.3923065882124703,0.0,0.19615329410623514,0
09,193,853,66,0.029569735750555992,0.6224807140837674,0.40950849977008935,0.0,0.20475424988504468,0
09,194,853,69,0.029990803450345993,2.4168181267417914,0.41861297053153435,0.15946952954580496,0.28904125003866965,0
09,195,853,69,0.02886120416224003,1.925320085625429,0.39418838584874116,0.11108916742461866,0.2526387766366799,0
09,196,853,69,0.029909402132034302,1.5613716224403245,0.4168528832038161,0.07526408376334749,0.24605848348358178,0
09,197,853,69,0.029484804719686508,1.2297346419483817,0.4076720917823092,0.042619564626437276,0.22514582820437323,0
09,198,853,69,0.029858166351914406,0.9439799668807292,0.415745045527656,0.014491447114119689,0.21511824632088786,0
09,199,853,69,0.03179275989532471,0.8027787875116112,0.45757549312561635,0.0005923801426621744,0.22908393663413926,0
09,200,853,69,0.02934255078434944,0.758512056221979,0.4045962282201724,0.0,0.2022981141100862,0
09,201,853,69,0.028245961293578148,0.8111797730118324,0.3808853927392881,0.0014193269189959378,0.19115235982914203,0
09,202,853,69,0.02826836332678795,0.9607819378811729,0.38136977721346477,0.016145340666787356,0.19875755894012606,0
09,203,853,69,0.03078414499759674,1.2498485399248753,0.4357668745816105,0.044599466042852025,0.24018317031223127,0
09,204,853,69,0.027990270406007767,1.4879437780201135,0.3753567563442061,0.06803625088173712,0.2216965036129716,0
09,205,853,69,0.029792334884405136,1.7260390161153516,0.41432161487405783,0.09147303572062221,0.25289732529734,0
09,206,853,69,0.02975170686841011,1.9641342542105897,0.41344314192563003,0.1149098205595073,0.26417648124256865,0
09,207,853,70,0.03166736662387848,1.3433902823215802,0.4548641966425722,0.05380720034087717,0.2543356984917247,0
09,208,853,70,0.030181223526597023,1.566177955490932,0.42273029897416786,0.07573719273634617,0.249233745855257,0
09,209,853,72,0.030681228265166283,0.9251181388585982,0.43354157356292905,0.012634792573024191,0.22308818306797662,0
09,210,853,72,0.03061283752322197,0.902984773213782,0.43206280539644165,0.010456105873836895,0.22125945563513927,0
09,211,853,73,0.028812939301133156,0.9898218829516546,0.393144786406248,0.019003873033057023,0.2060743297196525,0
09,212,853,73,0.02887100912630558,0.8911506926774104,0.3944003921572192,0.009291224116789586,0.2018458081370044,0
09,213,853,73,0.031208092346787453,0.8894139504826531,0.44493361011374455,0.0091202687736052,0.22702693944367489,0
09,214,853,73,0.028570469468832016,0.9829153035259911,0.38790202021967235,0.018324027365974847,0.2031130237928236,0
09,215,853,74,0.027612706646323204,0.8010016559634892,0.3671929427523687,0.00041744909382249916,0.1838051959230956,0
09,216,853,74,0.029820183292031288,0.6972414071650709,0.41492376273083137,0.0,0.20746188136541568,0
09,217,853,74,0.031139256432652473,0.6870229007633587,0.4434452162808958,0.0,0.2217226081404479,0
09,218,853,74,0.030766021460294724,0.739731006906579,0.43537500121886513,0.0,0.21768750060943257,0
09,219,853,75,0.02760203368961811,0.53911708873541,0.36696216840822365,0.0,0.18348108420411183,0
09,220,853,75,0.03250221535563469,0.5169837230905925,0.472915583325271,0.0,0.2364577916626355,0
09,221,853,75,0.0312421265989542,0.5883920998424812,0.445669510430711,0.0,0.2228347552153555,1
09,222,853,75,0.027297375723719597,0.7312088533462573,0.3603747489881454,0.0,0.1801873744940727,1
09,223,853,75,0.028687482699751854,0.9386485722363589,0.39043212058154575,0.01396665396760027,0.202199387274573,1
09,224,853,76,0.028888143599033356,0.5782139827941345,0.39477087962524543,0.0,0.19738543981262271,1
09,225,853,76,0.03081110678613186,0.7091158770548079,0.4363498516551706,0.0,0.2181749258275853,1
09,226,853,76,0.02952110953629017,0.9369522193949671,0.4084570870251941,0.013799674330071239,0.21112838067763268,1
09,227,853,76,0.03020383045077324,1.249848539924876,0.423219113671356,0.04459946604285209,0.23390928985710405,1
09,228,853,77,0.03139965608716011,0.7260794054687191,0.44907566725573317,0.0,0.22453783362786658,1
09,229,853,77,0.03236886486411095,0.9471303364433138,0.4700322330903617,0.014801552155245016,0.24241689262280336,1
09,230,853,77,0.030930502340197563,1.1546104446867809,0.43893146342824146,0.035224752107298064,0.23707810776776977,1
09,231,853,77,0.03092183545231819,1.392705682782019,0.4387440649948546,0.05866153694618316,0.24870280097051886,1
09,232,853,76,0.03228755667805672,2.535562825639162,0.4682741595003759,0.1711581041728316,0.31971613183660375,1
09,233,853,76,0.03173096105456352,2.678419968496305,0.4562392573158356,0.18522017507616265,0.3207297161959991,1
09,234,853,76,0.031136400997638702,2.8212771113534476,0.4433834750820172,0.19928224597949368,0.32133286053075544,1
09,235,853,76,0.02969292178750038,2.9641342542105904,0.4121720706688732,0.21334431688282476,0.31275819377584896,1
09,236,853,76,0.030143680050969124,3.0593723494486857,0.4219185210194406,0.22271903081837877,0.3223187759189097,1
09,237,853,75,0.028715157881379128,4.106991397067733,0.3910305228861368,0.32584088410947315,0.35843570349780496,1
09,238,853,75,0.029526934027671814,4.154610444686781,0.4085830261829849,0.33052824107725015,0.36955563363011756,1
09,239,853,74,0.031135182827711105,5.154610444686781,0.443357135392476,0.4289627374005675,0.43615993639652173,1
09,240,853,74,0.032475437968969345,5.106991397067733,0.4723365934524213,0.4242753804327905,0.4483059869426059,1
09,241,853,74,0.030592868104577065,5.059372349448686,0.431631019751838,0.4195880234650135,0.42560952160842574,1
09,242,853,74,0.02789117768406868,5.011753301829638,0.3732141393968213,0.4149006664972365,0.3940574029470289,1
09,243,853,74,0.028354765847325325,4.96413425421059,0.38323800225741855,0.4102133095294594,0.396725655893439,1
09,244,853,74,0.029004599899053574,4.9165152065915425,0.3972889378354784,0.4055259525616824,0.4014074451985804,1
09,245,853,74,0.029935020953416824,4.821277111353448,0.41740682217927344,0.3961512386261284,0.4067790304027009,1
09,246,853,74,0.031335826963186264,4.726039016115353,0.44769553196338385,0.3867765246905744,0.41723602832697915,1
09,247,853,73,0.031345270574092865,5.5831818732582095,0.4478997249694598,0.4711489501105607,0.4595243375400102,1
09,248,853,73,0.03045368753373623,5.440324730401066,0.4286216095348739,0.4570868792072296,0.44285424437105175,1
09,249,853,73,0.03268022462725639,5.249848539924876,0.4767645610776709,0.4383374513361216,0.45755100620689626,1
09,250,853,73,0.032775409519672394,5.059372349448686,0.4788226815897999,0.4195880234650135,0.4492053525274067,1
09,251,853,69,0.031175563111901283,8.678419968496305,0.44423025179853537,0.7758271530160669,0.6100287024073011,1
09,252,853,69,0.02959747053682804,8.297467587543926,0.41010819086682926,0.7383282972738509,0.5742182440703401,1
09,253,853,69,0.03229576721787453,7.964134254210592,0.4684516906188735,0.7055167984994117,0.5869842445591427,1
09,254,853,69,0.03329027071595192,7.630800920877259,0.4899551876216502,0.6727052997249726,0.5813302436733114,1
09,255,853,69,0.030278706923127174,7.297467587543925,0.42483811853353504,0.6398938009505334,0.5323659597420343,1
09,256,853,69,0.031238721683621407,6.964134254210592,0.44559588817921064,0.6070823021760944,0.5263390951776525,1
09,257,853,69,0.03212238848209381,6.630800920877259,0.4647028359065337,0.5742708034016553,0.5194868196540945,1
09,258,853,69,0.032304342836141586,6.345086635162973,0.4686371155892825,0.5461466615949931,0.5073918885921378,1
09,259,853,69,0.03239323943853378,6.059372349448685,0.47055926852971275,0.5180225197883308,0.4942908941590218,1
09,260,853,69,0.03202696144580841,5.821277111353447,0.4626394796763002,0.4945857349494457,0.4786126073128729,1
09,261,853,69,0.03372814506292343,5.583181873258209,0.49942305749430294,0.4711489501105606,0.4852860038024318,1
09,262,853,69,0.03488728404045105,5.3450866351629704,0.5244863595110919,0.4477121652716755,0.4860992623913837,1
09,263,853,69,0.03208191692829132,5.106991397067732,0.4638277460374965,0.4242753804327904,0.44405156323514344,1
09,264,853,69,0.03156072273850441,4.868896158972494,0.45255830583983586,0.40083859559390533,0.4266984507168706,1
09,265,853,69,0.034075167030096054,4.630800920877256,0.5069264859341429,0.3774018107550202,0.44216414834458156,1
09,266,853,69,0.03397936373949051,4.392705682782018,0.50485499420347,0.35396502591613516,0.4294100100598026,1
09,267,853,69,0.030448371544480324,4.15461044468678,0.4285066653851025,0.33052824107725004,0.37951745323117625,1
09,268,853,62,0.03363678231835365,10.630800920877258,0.497447580778716,0.9680087886949247,0.7327281847368203,1
09,269,853,62,0.030347799882292747,10.106991397067734,0.4263320702825255,0.9164478620493776,0.6713899661659515,1
09,270,853,62,0.03157632052898407,9.58318187325821,0.45289556663527575,0.8648869354038303,0.658891251019553,1
09,271,853,62,0.031685151159763336,9.059372349448687,0.4552487399999713,0.8133260087582832,0.6342873743791273,1
09,272,853,62,0.02910149283707142,8.726039016115354,0.39938399029762156,0.7805145099838441,0.5899492501407329,1
09,273,853,62,0.027944106608629227,8.39270568278202,0.37435858682495826,0.7477030112094049,0.5610307990171816,1
09,274,853,62,0.02803833968937397,8.059372349448687,0.37639612693746105,0.7148915124349657,0.5456438196862134,1
09,275,853,62,0.028402647003531456,7.726039016115354,0.3842733051004538,0.6820800136605266,0.5331766593804902,1
09,276,853,62,0.02914847806096077,7.392705682782021,0.4003999209836701,0.6492685148860875,0.5248342179348788,1
09,277,853,62,0.02976825274527073,7.059372349448687,0.4138009025711868,0.6164570161116484,0.5151289593414176,1
09,278,853,62,0.027851881459355354,6.726039016115354,0.3723644628979683,0.5836455173372093,0.4780049901175888,1
09,279,853,62,0.028411656618118286,6.392705682782021,0.3844681140886963,0.5508340185627701,0.4676510663257332,1
09,280,853,62,0.02763175405561924,6.059372349448687,0.36760479239342053,0.5180225197883309,0.44281365609087575,1
09,281,853,62,0.02814718335866928,5.726039016115353,0.37874958222543914,0.4852110210138918,0.4319803016196655,1
09,282,853,61,0.029730776324868202,6.345086635162973,0.41299057450762694,0.5461466615949931,0.47956861805131,1
09,283,853,61,0.027256162837147713,5.964134254210591,0.3594836297667575,0.5086478058527769,0.4340657178097672,1
09,284,853,61,0.028043624013662338,5.58318187325821,0.37651038641640333,0.4711489501105608,0.42382966826348206,1
09,285,853,61,0.031168542802333832,5.202229492305829,0.44407845624825915,0.4336500943683446,0.43886427530830185,1
09,286,853,61,0.03065710887312889,4.8212771113534485,0.433020055764965,0.3961512386261285,0.41458564719554675,1
09,287,853,61,0.030275480821728706,4.440324730401067,0.42476836265848106,0.3586523828839123,0.3917103727711967,1
09,288,853,58,0.029929136857390404,6.916515206591544,0.4172795942293338,0.6023949452083174,0.5098372697188256,1
09,289,853,58,0.028874585404992104,6.726039016115354,0.3944777196861474,0.5836455173372093,0.48906161851167834,1
09,290,853,58,0.03159341588616371,6.535562825639163,0.4532652083334543,0.5648960894661011,0.5090806488997777,1
09,291,853,58,0.030125588178634644,6.345086635162973,0.42152733232752426,0.5461466615949931,0.4838369969612587,0
09,292,853,58,0.029461195692420006,6.154610444686782,0.40716160926711925,0.527397233723885,0.46727942149550217,0
09,293,853,58,0.03067779541015625,5.964134254210591,0.43346734719010893,0.5086478058527769,0.4710575765214429,0
09,294,853,58,0.027877669781446457,5.7736580637344,0.3729220668760988,0.4898983779816688,0.4314102224288838,0
09,295,853,58,0.030656376853585243,5.58318187325821,0.43300422778638753,0.4711489501105608,0.45207658894847413,0
09,296,853,58,0.028807735070586205,5.39270568278202,0.3930322587417556,0.4523995222394527,0.42271589049060415,0
09,297,853,58,0.029536748304963112,5.202229492305829,0.40879523386523625,0.4336500943683446,0.42122266411679044,0
09,298,853,58,0.026625540107488632,5.011753301829638,0.3458480880081587,0.4149006664972365,0.3803743772526976,0
09,299,853,58,0.030732903629541397,4.8212771113534485,0.4346589160811865,0.3961512386261285,0.4154050773536575,0
09,300,853,58,0.031031815335154533,4.630800920877258,0.4411220878831692,0.3774018107550204,0.40926194931909476,0
09,301,853,58,0.030132170766592026,4.440324730401067,0.4216696633104577,0.3586523828839123,0.39016102309718503,0
09,302,853,58,0.02850518375635147,4.249848539924876,0.3864903900691867,0.3399029550128042,0.3631966725409954,0
09,303,853,58,0.029521962627768517,4.106991397067734,0.40847553286282384,0.3258408841094732,0.36715820848614855,0
09,304,853,58,0.027733061462640762,3.964134254210591,0.36979529602408434,0.31177881320614215,0.34078705461511327,0
09,305,853,58,0.027454959228634834,3.821277111353448,0.3637820737810525,0.29771674230281114,0.3307494080419318,0
09,306,853,58,0.025237448513507843,3.6784199684963053,0.3158342936992898,0.28365467139948003,0.2997444825493849,0
09,307,853,60,0.02840547449886799,2.0985096328607775,0.38433444217801266,0.1281369932751936,0.25623571772660314,0
09,308,853,60,0.0266704261302948,1.8927258774587024,0.3468186290457166,0.10788077296066959,0.22734970100319307,0
09,309,853,61,0.02659040130674839,1.4675875439234214,0.3450883047616847,0.0660324952313897,0.20556039999653722,0
09,310,853,61,0.028337685391306877,1.3587382366008318,0.3828686827572772,0.055317968489948605,0.2190933256236129,0
09,311,853,61,0.029019096866250038,1.3145118946645664,0.3976023962509201,0.05096457079722951,0.2242834835240748,0
09,312,853,61,0.03164355456829071,1.333212165273235,0.45434932417912544,0.05280532251570354,0.2535773233474145,0
09,313,853,61,0.0288140457123518,1.3842239185750647,0.39316870961051015,0.05782663875853847,0.22549767418452432,0
09,314,853,62,0.029164360836148262,0.8774587018861817,0.4007433438165714,0.007943459899591485,0.20434340185808145,0
09,315,853,62,0.029888806864619255,0.8825477604103557,0.41640756524165,0.008444398812178434,0.21242598202691423,0
09,316,853,62,0.029640421271324158,0.9522597843208539,0.4110368864343057,0.015306466773487386,0.21317167660389655,0
09,317,853,64,0.0314304418861866,0.9728583545377428,0.4497413284005899,0.017334076657767334,0.2335377025291786,0
09,318,853,64,0.030683176591992378,0.724544610040794,0.433583700956293,0.0,0.2167918504781465,0
09,319,853,64,0.026718536391854286,0.5476392422957324,0.3478588856835738,0.0,0.1739294428417869,0
09,320,853,64,0.031092992052435875,0.4710610283129374,0.4424448719248968,0.0,0.2212224359624484,0
09,321,853,66,0.030425766482949257,1.6072943172179817,0.428017890962669,0.07978446109359562,0.25390117602813234,0
09,322,853,66,0.030052127316594124,1.2586534189587621,0.4199389362788793,0.04546616987574041,0.23270255307730986,0
09,323,853,66,0.029083535075187683,0.9457167090754878,0.39899570138804,0.014662402457304205,0.20682905192267212,0
09,324,853,66,0.02964424528181553,0.705884728785491,0.4111195705056023,0.0,0.20555978525280116,0
09,325,853,67,0.02909337729215622,1.071569934165354,0.3992085131916111,0.02705070127969027,0.2131296072356507,0
09,326,853,67,0.030779818072915077,0.7467183650389755,0.43567331632655837,0.0,0.21783665816327918,0
09,327,853,67,0.030375875532627106,0.5289793610404294,0.4269391316593663,0.0,0.21346956582968316,0
09,328,853,67,0.03059338964521885,0.5340280302112352,0.43164229668314,0.0,0.21582114834157,0
09,329,853,69,0.03225073590874672,1.4168181267417912,0.4674780081504529,0.06103503322248755,0.2642565206864702,0
09,330,853,69,0.028849150985479355,1.0732662870067444,0.39392776791140044,0.02721768091721917,0.2105727244143098,0
09,331,853,69,0.0319548062980175,0.7977301183408054,0.461079316230665,9.541693573084322e-05,0.23058736658319792,0
09,332,853,69,0.029174963012337685,0.6276101619613056,0.40097258772003974,0.0,0.20048629386001987,0
09,333,853,69,0.028462251648306847,0.586736136354457,0.3855620972492567,0.0,0.19278104862462836,0
09,334,853,69,0.02936321124434471,0.6700189829960814,0.4050429557987512,0.0,0.2025214778993756,0
09,335,853,69,0.0303825531154871,0.8944626196534583,0.4270835166547869,0.009617231980536465,0.2183503743176617,0
09,336,853,69,0.028005918487906456,1.1750474574902046,0.3756951045580216,0.037236459168956265,0.2064657818634889,0
09,337,853,69,0.029219886288046837,1.4879437780201135,0.40194393425269065,0.06803625088173712,0.23499009256721387,0
09,338,853,70,0.030148062855005264,0.867199806131104,0.42201328751713224,0.006933630663106997,0.2144734590901196,0
09,339,853,70,0.029174087569117546,1.089987479300456,0.4009536585853542,0.028863623058576007,0.2149086408219651,0
09,340,853,70,0.028719866648316383,1.3450866351629707,0.39113233746589227,0.05397417997840607,0.22255325872214918,0
09,341,853,70,0.026555350050330162,1.6308009208772565,0.3443304144286793,0.08209832178506818,0.21321436810687372,0
09,342,853,70,0.027416391298174858,1.821277111353447,0.3629481447112677,0.10084774965617625,0.23189794718372198,0
09,343,853,72,0.02845076285302639,0.7533018296377092,0.385313682562575,0.0,0.1926568412812875,0
09,344,853,72,0.029641982167959213,0.7890060180136529,0.4110706366787025,0.0,0.20553531833935124,0
09,345,853,73,0.029401550069451332,0.7584716668686156,0.40587193107371405,0.0,0.20293596553685703,0
09,346,853,73,0.02961781993508339,0.675108041520256,0.4105481925613815,0.0,0.20527409628069074,0
09,347,853,73,0.02800934389233589,0.683589805727211,0.37576916983182307,0.0,0.18788458491591153,0
09,348,853,73,0.030051037669181824,0.7873096651722611,0.419915375547409,0.0,0.2099576877737045,0
09,349,853,73,0.029980294406414032,0.9556524900036355,0.41838574036579856,0.01564042604854525,0.21701308320717191,0
09,350,853,74,0.031599290668964386,0.5764772405993787,0.45339223490962066,0.0,0.22669611745481033,0
09,351,853,74,0.029926346614956856,0.5730441455632296,0.4172192626468679,0.0,0.20860963132343396,0
09,352,853,75,0.030377980321645737,0.5408538309301673,0.42698464213212095,0.0,0.21349232106606048,0
09,353,853,75,0.03088521957397461,0.4030453572438302,0.4379523438679431,0.0,0.21897617193397154,0
09,354,853,75,0.02787633053958416,0.42170523849913183,0.3728931093275054,0.0,0.1864465546637527,0
09,355,853,75,0.03103676065802574,0.56791469768569,0.4412290173567652,0.0,0.2206145086783826,0
09,356,853,75,0.030654309317469597,0.7974877822206065,0.4329595228087259,7.156270179811055e-05,0.216515542755262,0
09,357,853,75,0.02934860996901989,1.0593723494486855,0.4047272419970491,0.02585003817174402,0.21528864008439658,0
09,358,853,75,0.030846072360873222,1.3450866351629713,0.4371058893494621,0.05397417997840614,0.24554003466393412,0
09,359,853,76,0.0281156525015831,0.746476028918778,0.3780678111787224,0.0,0.1890339055893612,0
09,360,853,76,0.02926945686340332,0.9471303364433138,0.4030157662981935,0.014801552155245016,0.20890865922671928,0
09,361,853,76,0.029782090336084366,1.2022294923058285,0.4141001037234823,0.039912109075075086,0.2270061063992787,0
09,362,853,78,0.029677696526050568,0.6411405953390696,0.41184286482436333,0.0,0.20592143241218167,0
09,363,853,78,0.029622148722410202,0.5713477927218391,0.4106417910911883,0.0,0.20532089554559416,0
09,364,853,78,0.028544967994093895,0.6121410396219569,0.38735061855375796,0.0,0.19367530927687898,0
09,365,853,78,0.028925465419888496,0.7124681933842247,0.3955778648841693,0.0,0.19778893244208465,0
09,366,853,78,0.027391590178012848,0.8297992649137692,0.36241188635310173,0.003252127226159172,0.18283200678963046,0
09,367,853,78,0.027850182726979256,1.011753301829638,0.37232773232172744,0.02116268120396702,0.19674520676284724,0
09,368,853,82,0.027528639882802963,2.5596752695989333,0.36537522225074615,0.1735316004491359,0.26945341134994105,0
09,369,853,82,0.026672763749957085,2.1634153237206664,0.34686917386280247,0.1345259522635037,0.2406975630631531,0
09,370,853,82,0.027728958055377007,1.799466860535562,0.3697065707395902,0.09870086860223252,0.23420371967091136,0
09,371,853,82,0.026903731748461723,1.5154489276626666,0.3518632434394138,0.07074370643309931,0.21130347493625654,0
09,372,853,82,0.030453387647867203,1.2637424774829342,0.42861512529937523,0.045967108788327174,0.2372911170438512,0
09,373,853,85,0.027037765830755234,3.464437174360838,0.3547613745092797,0.2625913828368992,0.30867637867308945,0
09,374,853,87,0.02816157042980194,4.893008602932267,0.37906066443035646,0.4032120918702098,0.3911363781502831,0
09,375,853,87,0.025576556101441383,4.353891514196857,0.32316659470662146,0.35014437278124644,0.33665548374393395,0
09,376,853,87,0.026594284921884537,3.8470859081546096,0.34517227762513014,0.3002572182166443,0.3227147479208872,0
09,377,853,87,0.028041942045092583,3.372591784805524,0.37647401831295435,0.25355062817640306,0.3150123232446787,0
09,378,853,87,0.030563505366444588,2.9304091441496007,0.43099612851953395,0.21002460266052275,0.3205103655900283,0
09,379,853,87,0.029415562748908997,2.5239306918696216,0.4061749180529467,0.17001310094406144,0.28809400949850406,0
09,380,853,87,0.028458086773753166,2.226301546912232,0.38547204289785914,0.14071612596904115,0.26309408443345017,0
09,381,853,87,0.030238162726163864,1.960983884648005,0.4239614579490665,0.11459971551838197,0.26928058673372424,0
09,382,853,87,0.02953997626900673,1.7279777050769396,0.4088650300150449,0.0916638695920837,0.25026444980356427,0
09,383,853,89,0.028224168345332146,2.1480673694414145,0.38041417810988204,0.13301518411443222,0.2567146811121571,0
09,384,853,89,0.03163602575659752,1.789207964780483,0.4541865336208298,0.09769103936574791,0.27593878649328885,0
09,385,853,89,0.02915593795478344,1.50175693687144,0.4005612213760437,0.06939594221590142,0.23497858179597259,0
09,386,853,89,0.03333566337823868,1.3044549456763181,0.49093668339247293,0.049974620089022,0.2704556517407475,0
09,387,853,89,0.03320300206542015,1.1717759198675222,0.48806823481678413,0.03691442701086474,0.2624913309138244,0
09,388,853,89,0.03291803598403931,1.1037198594450488,0.4819066001028667,0.030215362981429322,0.256060981542148,0
09,389,853,89,0.02992154285311699,1.2873702492023094,0.4171153940546254,0.04829289659676619,0.23270414532569578,0
09,390,853,89,0.02967767044901848,1.5033321216527313,0.4118423009777982,0.06955099473646399,0.2406966478571311,0
09,391,853,89,0.030504733324050903,1.751605476796316,0.42972533918605965,0.09398965740052284,0.26185749829329125,0
09,392,853,89,0.03146430104970932,2.032190314633062,0.45047344289061925,0.12160888458894263,0.28604116373978095,0
09,393,853,89,0.031485769897699356,2.3450866351629713,0.4509376497127162,0.1524086763017235,0.30167316300721986,0
09,394,853,89,0.03213680908083916,2.535562825639162,0.4650146430570347,0.1711581041728316,0.31808637361493314,0
09,395,853,90,0.032346319407224655,1.7719617108930095,0.46954474746007696,0.0959934130508704,0.2827690802554737,0
09,396,853,91,0.03231507167220116,1.2413667757179225,0.46886909817606703,0.043764567855207485,0.25631683301563724,0
09,397,853,91,0.0324576161801815,1.273678258411084,0.4719512445999292,0.04694513237956842,0.2594481884897488,0
09,398,853,91,0.03572298586368561,1.3399975766387986,0.5425561920314205,0.053473241065819306,0.2980147165486199,0
09,399,853,91,0.03568943962454796,1.4692435074114472,0.5418308437001723,0.06619549916326331,0.3040131714317178,0
09,400,853,91,0.0354054756462574,1.6308009208772571,0.5356908768042566,0.08209832178506825,0.30889459929466245,0
09,401,853,92,0.036181095987558365,1.0491942324003403,0.5524616068385918,0.024848160346570385,0.28865488359258107,0
09,402,853,92,0.03473898395895958,1.164828951088493,0.521279764095361,0.036230605638127196,0.2787551848667441,0
09,403,853,92,0.034638501703739166,1.3450866351629713,0.5191071021810072,0.05397417997840614,0.28654064107970667,0
09,404,853,92,0.03480682894587517,1.4879437780201141,0.5227467317587359,0.06803625088173718,0.2953914913202365,0
09,405,853,92,0.03469521179795265,1.6308009208772571,0.5203333073610839,0.08209832178506825,0.30121581457307606,0
09,406,853,95,0.033858589828014374,1.210953592632983,0.5022435791119582,0.040770861496652634,0.2715072203043054,0
09,407,853,95,0.03635668382048607,0.9575507896118587,0.5562582274099467,0.01582728421435145,0.28604275581214905,0
09,408,853,95,0.03387761861085892,0.7432448806494617,0.5026550260054635,0.0,0.25132751300273176,0
09,409,853,95,0.0332842692732811,0.5935619370733876,0.48982542236216764,0.0,0.24491271118108382,0
09,410,853,95,0.03332829475402832,0.5220727816147666,0.4907773564630772,0.0,0.2453886782315386,0
09,411,853,95,0.03370878845453262,0.5713477927218391,0.49900452224397923,0.0,0.24950226112198962,0
09,412,853,96,0.03507700562477112,0.5715093501353037,0.5285885849207317,0.0,0.26429429246036584,0
09,413,853,96,0.034088991582393646,0.49149804111636103,0.5072254051631558,0.0,0.2536127025815779,0
09,414,853,96,0.033118002116680145,0.5628660285148829,0.48623033666308185,0.0,0.24311516833154093,0
09,415,853,96,0.032686747610569,0.7617835938446628,0.47690560326845555,0.0,0.23845280163422777,0
09,416,853,96,0.03386560082435608,0.9896603255381887,0.5023951732884611,0.01898797021043521,0.2606915717494481,0
09,417,853,96,0.03531826287508011,1.2022294923058285,0.5338051322420301,0.039912109075075086,0.2868586206585526,0
09,418,853,96,0.0346834622323513,1.4403247304010667,0.5200792542087511,0.06334889391396017,0.29171407406135563,0
09,419,853,96,0.037026114761829376,1.6784199684963046,0.5707328936816801,0.08678567875284525,0.3287592862172627,0
09,420,853,96,0.03796149045228958,1.9165152065915427,0.5909579088728444,0.11022246359173034,0.3505901862322874,0
09,421,853,98,0.057631976902484894,0.7941354658911924,1.0162799386521888,0.0,0.5081399693260944,0
09,422,853,98,0.06353022903203964,0.8672401954844715,1.1438139767271678,0.006937606368762549,0.5753757915479651,0
09,423,853,103,0.060075417160987854,3.9406276505513143,1.0691128450992344,0.3094649525146694,0.6892888988069519,0
09,424,853,103,0.06151463836431503,3.449129609434952,1.1002321814232483,0.2610845903934832,0.6806583859083657,0
09,425,853,103,0.07007060945034027,2.9899430510117524,1.2852323337202194,0.21588479279665795,0.7505585632584386,0
09,426,853,104,0.06618349999189377,3.323276384345086,1.2011839148350554,0.24869629157109713,0.7249401032030762,0
09,427,853,104,0.06534229964017868,2.961024274001372,1.1829951912389998,0.21303818754735482,0.6980166893931773,0
09,428,853,105,0.06316842883825302,3.4168181267417905,1.1359910083839342,0.2579040258691222,0.6969475171265282,0
09,429,853,105,0.08629051595926285,2.9780281917686486,1.6359447361141954,0.21471195962829984,0.9253283478712476,0
09,430,853,105,0.09622636437416077,2.6361727048749932,1.8507810710520283,0.18106158696056043,1.0159213290062943,0
09,431,853,105,0.07440342754125595,2.3895553132194336,1.3789180180960943,0.15678592822837512,0.7678519731622346,0
09,432,853,105,0.03897280991077423,2.204168181267416,0.6128250063606021,0.13853743926985387,0.375681222815228,0
09,433,853,107,0.03754932060837746,2.988246698170362,0.5820458306143629,0.2157178131591291,0.398881821886746,0
09,434,853,107,0.037304338067770004,2.5001413627367817,0.5767487337837642,0.16767141031300073,0.37221007204838247,0
09,435,853,107,0.03279123827815056,2.088533462579263,0.47916493645481634,0.12715499397829705,0.3031599652165567,0
09,436,853,107,0.03351212292909622,1.8061714931943929,0.49475215254900395,0.0993608357410374,0.29705649414502067,0
09,437,853,108,0.03327681124210358,1.8861828022133356,0.4896641622445487,0.10723670864448634,0.2984504354445175,0
09,438,853,109,0.032265692949295044,2.2263419362656003,0.4678014144302931,0.1407201016746968,0.304260758052495,0
09,439,853,109,0.030883338302373886,1.6429985055939247,0.43791166636574647,0.08329898489301442,0.26060532562938044,0
09,440,853,109,0.030108416453003883,1.1327598045155285,0.42115603936440504,0.03307389534769879,0.2271149673560519,0
09,441,853,110,0.030034484341740608,1.3232763843450859,0.41955745380283366,0.05182729892446236,0.235692376363648,0
09,442,853,110,0.03191841393709183,0.8232561896684016,0.4602924280743115,0.0026080629099758494,0.23145024549214366,0
09,443,853,110,0.033546723425388336,0.4320449129609417,0.4955002963913841,0.0,0.24775014819569205,0
09,444,853,111,0.03340413421392441,0.8028595662183442,0.4924171833734103,0.0006003315539730817,0.2465087574636917,0
09,445,853,112,0.03406931459903717,1.3691990791227429,0.5067999426550323,0.05634767625471046,0.28157380945487137,0
09,446,853,112,0.03029780276119709,0.9729391332444758,0.42525101531820775,0.017342028069078242,0.221296521693643,0
09,447,853,112,0.03306261822581291,0.6667878347267644,0.48503280710831603,0.0,0.24251640355415802,0
09,448,853,114,0.031312890350818634,2.083484793408457,0.4471995886346226,0.12665803077136573,0.28692880970299417,0
09,449,853,114,0.03296578675508499,1.68722484753019,0.4829390837130764,0.0876523825857335,0.285295733149405,0
09,450,853,114,0.03296152874827385,1.3232763843450859,0.48284701562394633,0.05182729892446236,0.2673371572742044,0
09,451,853,114,0.03332119807600975,0.9950321095359251,0.49062390964786035,0.01951673906261005,0.2550703243552352,0
09,452,853,114,0.033654700964689255,0.7314108001130887,0.49783502391844986,0.0,0.24891751195922493,0
09,453,853,114,0.03197012096643448,0.5527686901732685,0.461410455263398,0.0,0.230705227631699,0
09,454,853,114,0.032004356384277344,0.6224403247303999,0.4621507052538667,0.0,0.23107535262693335,0
09,455,853,114,0.032934535294771194,0.7992245244153637,0.48226335387955716,0.0002425180449824961,0.24125293596226982,0
09,456,853,114,0.031353939324617386,1.0798093622521099,0.4480871636776013,0.027861745233402287,0.2379744544555018,0
09,457,853,114,0.03200811520218849,1.392705682782019,0.4622319797087506,0.05866153694618316,0.2604467583274669,0
09,458,853,114,0.0336267314851284,1.6784199684963046,0.4972302582026241,0.08678567875284525,0.2920079684777347,0
09,459,853,116,0.034127142280340195,0.6292257360959658,0.508050312687899,0.0,0.2540251563439495,0
09,460,853,117,0.03372616693377495,0.8300012116806007,0.4993802857048646,0.003272005754436353,0.25132614572965045,0
09,461,853,117,0.03340550884604454,0.6564885496183199,0.49244690614234204,0.0,0.24622345307117102,0
09,462,853,117,0.03268677368760109,0.639403853144311,0.47690616711502065,0.0,0.23845308355751033,0
09,463,853,121,0.03285451605916023,3.369199079122743,0.4805331504197893,0.2532166689013452,0.36687490966056724,0
09,464,853,121,0.032093774527311325,2.8777010380063808,0.464084135125599,0.204836306780159,0.334460220952879,0
09,465,853,121,0.03183366730809212,2.4661335272022287,0.4584600072872416,0.16432386615111078,0.3113919367191762,0
09,466,853,121,0.031045299023389816,2.134496546710286,0.44141363683208124,0.13167934701420056,0.2865464919231409,0
09,467,853,121,0.031092217192053795,1.8351710489115056,0.4424281176269624,0.10221539240165138,0.2723217550143069,0
09,468,853,122,0.030804183334112167,2.137889252393068,0.4362001503921362,0.1320133062892585,0.2841067283406974,0
09,469,853,122,0.030681291595101357,1.8878791550547258,0.4335429429045871,0.10740368828201521,0.2704733155933012,0
09,470,853,122,0.03273113816976547,1.702492023102708,0.4778654312212765,0.08915519932349397,0.28351031527238524,0
09,471,853,122,0.03055119886994362,1.580031503695624,0.4307300332155608,0.07710085977616582,0.2539154464958633,0
09,472,853,125,0.029997549951076508,3.369199079122743,0.41875884569287697,0.2532166689013452,0.33598775729711106,0
09,473,853,125,0.03088337369263172,2.8777010380063808,0.43791243158608484,0.204836306780159,0.3213743691831219,0
09,474,853,125,0.02869989350438118,2.418514479583181,0.3907004712717793,0.15963650918333377,0.2751684902275565,0
09,475,853,125,0.03133787959814072,1.9984248152187074,0.4477399147430082,0.11828519466098535,0.28301255470199677,0
09,476,853,125,0.029397493228316307,1.642958116240558,0.4057842126580861,0.08329500918735894,0.24453961092272253,0
09,477,853,125,0.029569149017333984,1.3572034411729053,0.4094958132223746,0.055166891675041324,0.23233135244870795,0
09,478,853,125,0.03015187382698059,1.16838321418474,0.4220956896651463,0.03658046773580681,0.22933807870047657,0
09,479,853,125,0.028215114027261734,1.07649743527606,0.380218402527528,0.027535737369655196,0.2038770699485916,0
09,480,853,125,0.031085502356290817,1.169998788319398,0.4422829271364488,0.036739495962024867,0.23951121154923682,0
09,481,853,126,0.02850540727376938,0.8094834201704427,0.3864952230397447,0.001252347281467115,0.1938737851606059,0
09,482,853,126,0.027577845379710197,0.8502362777171936,0.3664391604443376,0.005263834287817438,0.18585149736607753,0
09,483,853,126,0.026628371328115463,1.011753301829638,0.3459093056352268,0.02116268120396702,0.18353599341959692,0
09,484,853,126,0.027765516191720963,1.249848539924876,0.37049704334910755,0.04459946604285209,0.20754825469597982,0
09,485,853,126,0.025690145790576935,1.4879437780201141,0.32562267006944795,0.06803625088173718,0.19682946047559258,0
09,486,853,126,0.027000457048416138,1.7260390161153523,0.3539546711736383,0.09147303572062228,0.2227138534471303,0
09,487,853,126,0.02730720490217209,1.9641342542105904,0.360587278868434,0.11490982055950737,0.2377485497139707,0
09,488,853,126,0.027936944738030434,2.2022294923058285,0.37420373039332866,0.13834660539839247,0.2562751678958606,0
09,489,853,126,0.027904143556952477,2.392705682782019,0.3734944919639406,0.1570960332695005,0.26529526261672054,0
09,490,853,127,0.028996426612138748,1.7243426632739618,0.3971122122120738,0.09130605608309338,0.2442091341475836,0
09,491,853,127,0.028705870732665062,1.8995112888242662,0.39082971295945146,0.10854869151078538,0.24968920223511842,0
09,492,853,129,0.02811773307621479,1.1342542105900901,0.3781127980796665,0.03322099645695077,0.20566689726830864,0
09,493,853,129,0.028630074113607407,1.0713275980451578,0.3891908123684753,0.02702684704575781,0.20810882970711655,0
09,494,853,131,0.027195317670702934,1.449048830728221,0.35816801463135767,0.0642076463355377,0.2111878304834477,0
09,495,853,131,0.026788726449012756,1.1956460277070982,0.34937655926305317,0.03926406905323667,0.1943203141581449,0
09,496,853,131,0.030297795310616493,0.9830364715860902,0.4252508542191891,0.018335954482941178,0.22179340435106515,0
09,497,853,131,0.028259631246328354,0.8350498808514079,0.3811809691636651,0.0037689689613678154,0.19247496906251646,0
09,498,853,131,0.026114419102668762,0.7550789611858306,0.33479645368364574,0.0,0.16739822684182287,0
09,499,853,132,0.02693920023739338,0.9575911789652255,0.3526301553174608,0.015831259920006936,0.18423070761873386,0
09,500,853,132,0.025420306250452995,0.7976897289874392,0.31978810663804386,9.144123007541145e-05,0.15993977393405964,0
09,501,853,133,0.0256449356675148,1.1702007350862293,0.32464512122458095,0.036759374490302026,0.1807022478574415,0
09,502,853,133,0.02379877120256424,0.9388909083565558,0.2847267176036337,0.013990508201532794,0.14935861290258326,0
09,503,853,133,0.023835431784391403,0.8045155297063677,0.2855194053246568,0.0007633354858464835,0.14314137040525166,0
09,504,853,133,0.024930572137236595,0.7721636576598395,0.3091989070464233,0.0,0.15459945352321164,0
09,505,853,133,0.025189705193042755,0.833353528010016,0.31480197118809866,0.003601989323838785,0.1592019802559687,0
09,506,853,133,0.02643400989472866,0.952380952380951,0.34170675581175375,0.015318393890453518,0.17851257485110364,0
09,507,853,134,0.026904825121164322,0.7449008441374846,0.35188688472039337,0.0,0.17594344236019668,0
09,508,853,134,0.028766615316271782,0.7941758552445572,0.39214315325810023,0.0,0.19607157662905011,0
09,509,853,134,0.026241255924105644,0.9319035502241606,0.3375389631015437,0.013302711123139842,0.17542083711234177,0
09,510,853,134,0.026338007301092148,1.1325578577486977,0.3396309546823334,0.033054016819421675,0.18634248575087753,0
09,511,853,137,0.02630544640123844,1.4644371743608382,0.33892691169629513,0.0657223901902645,0.2023246509432798,0
09,512,853,137,0.025569386780261993,1.0307362979118702,0.32301157717597323,0.023031262862029042,0.17302142001900114,0
09,513,853,138,0.025197328999638557,1.5596752695989333,0.31496681575888147,0.07509710412581853,0.19503195994235,0
09,514,853,139,0.025797827169299126,2.083484793408457,0.3279509939105244,0.12665803077136573,0.22730451234094506,0
09,515,853,139,0.025420311838388443,1.734843895149239,0.31978822746230784,0.09233973955351066,0.20606398350790925,0
09,516,853,139,0.027834398671984673,1.4202108324245715,0.37198644405082254,0.06136899249754528,0.21667771827418392,0
09,517,853,139,0.027366308495402336,1.1718970879276198,0.36186523710823604,0.03692635412783093,0.19939579561803347,0
09,518,853,139,0.026195328682661057,0.9882063088169938,0.3365459084761364,0.018844844806838706,0.17769537664148755,0
09,519,853,141,0.027178658172488213,2.083484793408457,0.3578077972257672,0.12665803077136573,0.24223291399856647,0
09,520,853,141,0.0261452104896307,1.6906175532129724,0.3354622356527664,0.08798634186079143,0.2117242887567789,0
09,521,853,142,0.027562515810132027,2.1787228886465524,0.36610769921356734,0.13603274470691976,0.25107022196024353,0
09,522,853,142,0.02868824265897274,1.7841592956096772,0.390448552681443,0.09719407615881659,0.2438213144201298,0
09,523,853,142,0.029036015272140503,1.4593077264832988,0.3979682118474069,0.0652174755720222,0.23159284370971456,0
09,524,853,142,0.027575811371207237,1.2296942525950154,0.3663951804122597,0.04261558892078185,0.2045053846665208,0
09,525,853,142,0.028321143239736557,1.0714891554586197,0.3825110026612298,0.027042749868379234,0.2047768762648045,0
09,526,853,142,0.02901231311261654,1.0119148592431026,0.39745571559448445,0.021178584026588704,0.20931714981053656,0
09,527,853,142,0.028849154710769653,1.0492750111070712,0.3939278484609097,0.024856111757881095,0.20939198010939541,0
09,528,853,145,0.028848884627223015,2.083484793408457,0.39392200862148546,0.12665803077136573,0.2602900196964256,0
09,529,853,145,0.029181748628616333,1.5919867522920963,0.40111930865123,0.07827766865017961,0.2396984886507048,0
09,530,853,145,0.029267847537994385,1.1378892523930693,0.4029809689101758,0.03357880996594123,0.21827988943805854,0
09,531,853,145,0.02833903580904007,0.7552001292459297,0.38289788195439856,0.0,0.19144894097719928,0
09,532,853,145,0.028409596532583237,0.6224807140837667,0.3844235702100533,0.0,0.19221178510502665,0
09,533,853,145,0.027846822515130043,0.6122218183286877,0.37225507666433866,0.0,0.18612753833216933,0
09,534,853,145,0.028371967375278473,0.7465164182721421,0.38360993961661216,0.0,0.19180496980830608,0
09,535,853,145,0.028747249394655228,0.9182519487862987,0.39172441663400326,0.011958922611597228,0.20184166962280026,0
09,536,853,145,0.02921096421778202,1.1546104446867809,0.4017510181779167,0.035224752107298064,0.2184878851426074,0
09,537,853,145,0.027507562190294266,1.4403247304010667,0.3649194731271257,0.06334889391396017,0.21413418352054292,0
09,538,853,145,0.027786685153841972,1.7260390161153523,0.3709547659357058,0.09147303572062228,0.23121390082816404,0
09,539,853,145,0.028664112091064453,2.011753301829638,0.38992679323495105,0.11959717752728437,0.2547619853811177,0
09,540,853,148,0.030293432995676994,0.9218062118825469,0.4251565307437986,0.012308784709276972,0.2187326577265378,0
09,541,853,148,0.029502788558602333,0.8299204329738697,0.4080609445384558,0.0032640543431256427,0.20566249944079074,0
09,542,853,148,0.030831843614578247,0.7754755846358895,0.43679823049869004,0.0,0.21839911524934502,0
09,543,853,148,0.02874196693301201,0.7856537016842348,0.39161019742981557,0.0,0.19580509871490778,0
09,544,853,148,0.03133368119597435,0.8604547841189057,0.44764913544602697,0.00626968781864657,0.22695941163233677,0
09,545,853,148,0.029239607974886894,0.9998788319399022,0.4023703633549258,0.019993823741264474,0.21118209354809514,0
09,546,853,148,0.029532983899116516,1.1937477280988735,0.40871383858608845,0.03907721088743033,0.2238955247367594,0
09,547,853,148,0.028897380456328392,1.4199281069510077,0.3949706021335552,0.06134116255795726,0.22815588234575623,0
09,548,853,148,0.02906659245491028,1.6784199684963046,0.39862936221974277,0.08678567875284525,0.24270752048629401,0
09,549,853,148,0.030546488240361214,1.8212771113534476,0.4306281783610507,0.10084774965617632,0.2657379640086135,0
09,550,853,149,0.028754187747836113,1.1308211155539412,0.3918744400950748,0.03288306147623737,0.2123787507856561,0
09,551,853,149,0.028270194306969643,1.2328446221576008,0.3814093672972858,0.04292569396190725,0.21216753062959653,0
09,552,853,149,0.02937428466975689,1.392705682782019,0.405282389215146,0.05866153694618316,0.23197196308066456,0
09,553,853,149,0.027739616110920906,1.5831818732582095,0.369937022885698,0.07741096481729123,0.2236739938514946,0
09,554,853,149,0.028764165937900543,1.7736580637344,0.39209019195573536,0.0961603926883993,0.2441252923220673,0
09,555,853,149,0.029087726026773453,1.9641342542105904,0.3990863195860027,0.11490982055950737,0.25699807007275505,0
09,556,853,149,0.027505071833729744,2.1546104446867806,0.3648656257801585,0.1336592484306154,0.24926243710538698,0
09,557,853,149,0.028596825897693634,2.3450866351629713,0.38847190799797116,0.1524086763017235,0.27044029214984733,0
09,558,853,149,0.029065335169434547,2.535562825639162,0.398602176760354,0.1711581041728316,0.28488014046659277,0
09,559,853,149,0.029233431443572044,2.7260390161153523,0.4022368122685061,0.18990753204393965,0.2960721721562229,0
09,560,853,149,0.029259635135531425,2.916515206591543,0.40280339751692357,0.20865695991504776,0.3057301787159857,0
09,561,853,149,0.028756383806467056,2.9641342542105904,0.3919219240308073,0.21334431688282476,0.302633120456816,0
09,562,853,152,0.028763270005583763,1.2771113534472331,0.3920708197987487,0.047283067360281844,0.21967694357951528,0
09,563,853,152,0.027796795591711998,1.2141847409023006,0.3711733773039465,0.04108891794908886,0.20613114762651769,0
09,564,853,152,0.028476420789957047,1.1835696110505283,0.38586846730787994,0.038075333062256696,0.2119719001850683,0
09,565,853,152,0.029227545484900475,1.1852659638919187,0.40210954404381183,0.0382423126997856,0.22017592837179872,0
09,566,853,152,0.0290798619389534,1.219273799426472,0.39891627957187004,0.04158985686167556,0.2202530682167728,0
09,567,853,152,0.030710164457559586,1.285593117654188,0.4341672418764182,0.04811796554792658,0.2411426037121724,0
09,568,853,152,0.03170803561806679,1.384223918575064,0.4557435556356023,0.0578266387585384,0.2567850971970704,0
09,569,853,152,0.03161231800913811,1.515166202189103,0.4536739165436434,0.07071587649351131,0.26219489651857736,0
09,570,853,152,0.029944773763418198,1.6784199684963046,0.4176177007946213,0.08678567875284525,0.25220168977373325,0
09,571,853,152,0.028788110241293907,1.8212771113534476,0.3926079239267623,0.10084774965617632,0.2467278367914693,0
09,572,853,152,0.028738828375935555,1.9641342542105904,0.39154233446823017,0.11490982055950737,0.2532260775138688,0
09,573,853,155,0.029676178470253944,0.9898218829516533,0.4118100408993235,0.019003873033056895,0.2154069569661902,0
09,574,853,155,0.028951438143849373,0.8384425865341901,0.3961394560630102,0.004102928236425745,0.20012119214971796,0
09,575,853,155,0.029288003221154213,0.7516862555030498,0.40341678203024445,0.0,0.20170839101512222,0
09,576,853,155,0.02959911711513996,0.7295528898582323,0.4101437937499399,0.0,0.20507189687496996,0
09,577,853,157,0.028223296627402306,1.5205379861868407,0.38039532952470584,0.07124464534568627,0.22581998743519605,0
09,578,853,157,0.028963984921574593,1.2126903348277402,0.3964107468103332,0.04094181683983701,0.2186762818250851,0
09,579,853,157,0.02803288958966732,0.9728583545377435,0.3762782830053549,0.0173340766577674,0.19680617983156112,0
09,580,853,157,0.028987938538193703,0.8299608223272325,0.3969286801551334,0.0032680300487807246,0.20009835510195706,0
09,581,853,157,0.027889231219887733,0.7839977381962099,0.37317205227821193,0.0,0.18658602613910596,0
09,582,853,161,0.026472583413124084,3.4168181267417905,0.3425408057058025,0.2579040258691222,0.30022241578746234,0
09,583,853,161,0.02894129976630211,3.020558180863525,0.3959202405734497,0.21889837768349016,0.3074093091284699,0
09,584,853,161,0.0272440854460001,2.656609717678419,0.35922248825760633,0.18307329402221884,0.27114789113991256,0
09,585,853,161,0.026706745848059654,2.324972737186476,0.3476039464866387,0.15042877488530862,0.24901636068597366,0
09,586,853,163,0.027584031224250793,3.607294317217981,0.36657291290453053,0.2766534537402303,0.3216131833223804,0
09,587,853,163,0.028376689180731773,3.1157962761016202,0.3837120361196501,0.22827309161904416,0.30599256386934715,0
09,588,853,163,0.029293552041053772,2.6600024233612,0.4035367605243471,0.1834072532972766,0.2934720069108119,0
09,589,853,164,0.026194708421826363,2.9899430510117524,0.33653249698283794,0.21588479279665795,0.27620864488974795,0
09,590,853,164,0.026450151577591896,2.484833797810897,0.34205577683555144,0.16616461786958478,0.2541101973525681,0
09,591,853,164,0.027568064630031586,2.0494365685205387,0.36622767770766995,0.12330651090382043,0.2447670943057452,0
09,592,853,165,0.027374394237995148,2.2314309947897715,0.36204006981817205,0.1412210405872835,0.25163055520272776,0
09,593,853,165,0.025391802191734314,1.714406882345812,0.3191717820676335,0.09032803249185213,0.20474990727974282,0
09,594,853,165,0.027142783626914024,1.4439597722040456,0.35703210545120645,0.06370670742295062,0.21036940643707852,0
09,595,853,165,0.025532245635986328,1.2976695343107565,0.3222084985682504,0.04930670153890643,0.18575760005357841,0
09,596,853,167,0.028642380610108376,2.083484793408457,0.38945690767244845,0.12665803077136573,0.2580574692219071,0
09,597,853,167,0.025891495868563652,1.5443677046730486,0.32997633077236815,0.0735903116824026,0.20178332122738538,0
09,598,853,167,0.026644213125109673,1.1480673694414147,0.34625184242352586,0.03458068779111489,0.19041626510732038,0
09,599,853,167,0.026485979557037354,0.8810129649824292,0.34283046174124593,0.008293321997271163,0.17556189186925855,0
09,600,853,167,0.026645725592970848,0.7533826083444375,0.3462845455243017,0.0,0.17314227276215086,0
09,601,853,167,0.02631383202970028,0.7754351952825213,0.33910822864172985,0.0,0.16955411432086492,0
09,602,853,168,0.02763219177722931,0.42178601720586545,0.3676142569607633,0.0,0.18380712848038164,0
09,603,853,168,0.02609977126121521,0.46593158043539856,0.33447973301307743,0.0,0.16723986650653871,0
09,604,853,168,0.025328822433948517,0.6563673815582208,0.31781001206340465,0.0,0.15890500603170232,0
09,605,853,170,0.025588642805814743,0.993335756694536,0.32342793758954586,0.019349759425081284,0.17138884850731356,0
09,606,853,170,0.025954250246286392,0.6344763520336043,0.3313332275312844,0.0,0.1656666137656422,0
09,607,853,171,0.026184100657701492,1.1787228886465524,0.33630313225510566,0.037598248383602394,0.18695069031935402,0
09,608,853,171,0.02634372189640999,0.8385637545942892,0.33975451762959985,0.004114855353392073,0.17193468649149596,1
09,609,853,171,0.026806749403476715,0.5953390686215116,0.34976625778904746,0.0,0.17488312889452373,1
09,610,853,171,0.02578803338110447,0.5051496425542222,0.3277392292505742,0.0,0.1638696146252871,1
09,611,853,171,0.0260769110172987,0.5169837230905925,0.33398544094925686,0.0,0.16699272047462843,1
09,612,853,171,0.02665378712117672,0.6580637343996113,0.3464588546624273,0.0,0.17322942733121366,1
09,613,853,171,0.026468245312571526,0.8688961589724952,0.3424470058022224,0.007100610300635962,0.1747738080514292,1
09,614,853,171,0.027122939005494118,1.1546104446867809,0.3566030182151644,0.035224752107298064,0.19591388516123123,1
09,615,853,171,0.027301499620079994,1.4403247304010667,0.36046391729494076,0.06334889391396017,0.21190640560445045,1
09,616,853,171,0.02761954441666603,1.7260390161153523,0.3673407913766892,0.09147303572062228,0.22940691354865572,1
09,617,853,171,0.027713734656572342,1.9165152065915427,0.36937740516983497,0.11022246359173034,0.23979993438078265,1
09,618,853,171,0.02805108204483986,2.106991397067733,0.3766716465340223,0.1289718914628384,0.25282176899843034,1
09,619,853,171,0.029552912339568138,2.297467587543924,0.40914473818608976,0.1477213193339465,0.27843302876001813,1
09,620,853,171,0.031037060543894768,2.487943778020114,0.4412355015922639,0.16647074720505456,0.3038531243986592,1
09,621,853,171,0.028539277613162994,2.678419968496305,0.3872275791783019,0.18522017507616265,0.2862238771272323,1
09,622,853,171,0.0278329961001873,2.868896158972495,0.37195611716057103,0.20396960294727068,0.28796286005392085,1
09,623,853,171,0.02852696366608143,3.011753301829638,0.3869613227753102,0.21803167385060176,0.302496498312956,1
09,624,853,171,0.02767765335738659,3.1546104446867806,0.36859724289750806,0.23209374475393277,0.3003454938257204,1
09,625,853,168,0.027292175218462944,6.154610444686781,0.3602623018731624,0.5273972337238849,0.4438297677985237,1
09,626,853,168,0.028815893456339836,6.059372349448686,0.393208662167123,0.5180225197883309,0.45561559097772697,1
09,627,853,168,0.02846052683889866,5.96413425421059,0.38552480282645074,0.5086478058527768,0.44708630433961377,1
09,628,853,167,0.028910404071211815,6.7736580637344,0.3952522032180687,0.5883328743049862,0.4917925387615274,1
09,629,853,167,0.028562763705849648,6.5831818732582095,0.38773540355968494,0.569583446433878,0.4786594249967815,1
09,630,853,167,0.02871830016374588,6.392705682782019,0.3910984663972315,0.5508340185627699,0.47096624248000074,1
09,631,853,167,0.028404753655195236,6.202229492305828,0.38431885584796305,0.5320845906916619,0.45820172326981246,1
09,632,853,167,0.029565338045358658,6.011753301829638,0.4094134110743605,0.5133351628205539,0.4613742869474572,1
09,633,853,167,0.03044327348470688,5.821277111353448,0.42839643338162525,0.4945857349494458,0.4614910841655355,1
09,634,853,167,0.030302345752716064,5.630800920877257,0.4253492454447993,0.4758363070783377,0.45059277626156846,1
09,635,853,167,0.031517550349235535,5.440324730401066,0.45162481757655604,0.4570868792072296,0.4543558483918928,1
09,636,853,167,0.030203254893422127,5.249848539924876,0.4232066687721691,0.4383374513361216,0.43077206005414537,1
09,637,853,167,0.030533991754055023,5.059372349448686,0.43035797503210327,0.4195880234650135,0.42497299924855836,1
09,638,853,167,0.02970198728144169,4.868896158972495,0.41236808789975515,0.4008385955939054,0.40660334174683027,1
09,639,853,167,0.029346372932195663,4.678419968496304,0.4046788720167144,0.38208916772279733,0.39338401986975585,1
09,640,853,167,0.03032814711332321,4.487943778020115,0.4259071313462124,0.3633397398516893,0.39462343559895086,1
09,641,853,167,0.030949022620916367,4.297467587543924,0.4393319153137273,0.3445903119805812,0.39196111364715425,1
09,642,853,165,0.031112205237150192,6.011753301829638,0.44286030601911247,0.5133351628205539,0.47809773441983316,1
09,643,853,165,0.030416235327720642,5.726039016115353,0.4278118050431245,0.4852110210138918,0.4565114130285082,1
09,644,853,165,0.03148366138339043,5.440324730401066,0.4508920586904523,0.4570868792072296,0.45398946894884096,1
09,645,853,165,0.02935936488211155,5.154610444686781,0.40495978843039876,0.4289627374005675,0.41696126291548313,1
09,646,853,165,0.030298704281449318,5.011753301829638,0.4252705082994584,0.4149006664972365,0.42008558739834745,1
09,647,853,165,0.0291276928037405,4.868896158972495,0.39995049499652974,0.4008385955939054,0.40039454529521756,1
09,648,853,152,0.029218735173344612,17.106991397067734,0.40191904445431686,1.605489336312599,1.003704190383458,1
09,649,853,152,0.03252283111214638,16.39270568278202,0.4733613443097382,1.5351789817959438,1.004270163052841,1
09,650,853,152,0.028672881424427032,15.678419968496305,0.39011640677984366,1.4648686272792886,0.9274925170295661,1
09,651,853,152,0.03238010033965111,14.964134254210592,0.470275170410411,1.3945582727626333,0.9324167215865222,1
09,652,853,152,0.029713060706853867,14.249848539924878,0.41260752131614997,1.324247918245978,0.868427719781064,1
09,653,853,152,0.029773330315947533,13.535562825639163,0.41391069155236293,1.2539375637293229,0.8339241276408429,1
09,654,853,152,0.02911686897277832,12.82127711135345,0.39971645839725806,1.1836272092126676,0.7916718338049629,1
09,655,853,152,0.030509665608406067,12.106991397067734,0.4298319867363731,1.1133168546960124,0.7715744207161928,1
09,656,853,152,0.029368512332439423,11.392705682782019,0.4051575777504854,1.043006500179357,0.7240820389649212,1
09,657,853,152,0.030788041651248932,10.678419968496305,0.43585112936833853,0.9726961456627017,0.7042736375155201,1
09,658,853,152,0.030963867902755737,9.96413425421059,0.4396529051082885,0.9023857911460463,0.6710193481271675,1
09,659,853,152,0.030306540429592133,9.249848539924876,0.4254399441922713,0.8320754366293912,0.6287576904108313,1
09,660,853,152,0.029966318979859352,8.535562825639161,0.41808355888165893,0.7617650821127357,0.5899243204971973,1
09,661,853,152,0.03066154196858406,7.821277111353448,0.4331159096810322,0.6914547275960805,0.5622853186385564,1
09,662,853,152,0.03194967284798622,7.106991397067733,0.4609683190068493,0.6211443730794253,0.5410563460431372,1
09,663,853,149,0.03232062980532646,9.345086635162971,0.4689892780439429,0.8414501505649452,0.655219714304444,1
09,664,853,149,0.030365467071533203,8.583181873258209,0.4267140763303816,0.7664524390805127,0.5965832577054472,1
09,665,853,149,0.030954508110880852,7.821277111353448,0.43945052446617183,0.6914547275960805,0.5654526260311261,1
09,666,853,149,0.02987595647573471,7.059372349448686,0.416129709709319,0.6164570161116483,0.5162933629104837,1
09,667,853,149,0.028431056067347527,6.297467587543924,0.384887575658377,0.5414593046272159,0.4631734401427965,1
09,668,853,149,0.028051944449543953,5.535562825639162,0.37669029374542534,0.4664615931427837,0.42157594344410454,1
09,669,853,149,0.030625782907009125,5.392705682782019,0.43234271494125975,0.4523995222394526,0.44237111859035616,1
09,670,853,149,0.029195547103881836,5.249848539924876,0.4014176640336779,0.4383374513361216,0.41987755768489976,1
09,671,853,149,0.028959300369024277,5.106991397067733,0.39630945580238824,0.4242753804327905,0.4102924181175894,1
09,672,853,149,0.029051633551716805,4.96413425421059,0.3983059156651479,0.4102133095294594,0.40425961259730364,1
09,673,853,149,0.028769517317414284,4.821277111353448,0.3922059013258451,0.3961512386261284,0.39417856997598677,1
09,674,853,149,0.029609132558107376,4.678419968496304,0.41036035110569347,0.38208916772279733,0.3962247594142454,1
09,675,853,149,0.02845834195613861,4.535562825639162,0.3854775605392462,0.3680270968194663,0.37675232867935626,1
09,676,853,149,0.030212827026844025,4.392705682782019,0.42341364073631593,0.3539650259161352,0.3886893333262256,1
09,677,853,149,0.029877668246626854,4.249848539924876,0.4161667222088425,0.3399029550128042,0.3780348386108233,1
09,678,853,149,0.030666980892419815,4.106991397067733,0.43323351196461046,0.32584088410947315,0.3795371980370418,1
09,679,853,149,0.031027382239699364,3.9641342542105904,0.441026233967102,0.31177881320614215,0.3764025235866221,1
09,680,853,149,0.03306860849261284,3.8212771113534476,0.48516233071927073,0.29771674230281103,0.3914395365110409,1
09,681,853,149,0.031442441046237946,3.678419968496305,0.45000077837004576,0.28365467139948003,0.3668277248847629,1
09,682,853,149,0.030808165669441223,3.535562825639162,0.4362862578175781,0.26959260049614897,0.35293942915686355,1
09,683,853,149,0.02916938252747059,3.392705682782019,0.40085192455510804,0.25553052959281786,0.328191227073963,1
09,684,853,148,0.028846193104982376,4.345086635162971,0.3938638116010161,0.3492776689483582,0.3715707402746872,1
09,685,853,148,0.02936561591923237,4.297467587543924,0.4050949505070045,0.3445903119805812,0.37484263124379286,1
09,686,853,148,0.029278242960572243,4.249848539924876,0.40320574231587797,0.3399029550128042,0.3715543486643411,1
09,687,853,148,0.028992846608161926,4.202229492305828,0.39703480413363634,0.33521559804502715,0.3661252010893318,1
09,688,853,148,0.030917704105377197,4.154610444686781,0.43865473558904067,0.33052824107725015,0.3845914883331454,1
09,689,853,148,0.029305798932909966,4.106991397067733,0.4038015670361714,0.32584088410947315,0.36482122557282226,1
09,690,853,148,0.02905607782304287,4.059372349448686,0.398402011229743,0.32115352714169615,0.3597777691857196,0
09,691,853,148,0.029625525698065758,4.011753301829638,0.41071480922136894,0.31646617017391915,0.36359048969764407,0
09,692,853,148,0.030441852286458015,3.9641342542105904,0.4283657037438272,0.31177881320614215,0.3700722584749847,0
09,693,853,148,0.028135299682617188,3.916515206591543,0.37849262929077154,0.30709145623836515,0.3427920427645683,0
09,694,853,148,0.02977519854903221,3.868896158972495,0.413951087131277,0.30240409927058803,0.3581775932009325,0
09,695,853,148,0.03198942914605141,3.8212771113534476,0.46182794337010086,0.29771674230281103,0.37977234283645595,0
09,696,853,145,0.03136352449655533,6.630800920877257,0.4482944175650307,0.574270803401655,0.5112826104833429,0
09,697,853,148,0.030130527913570404,3.8365846762793323,0.4216341409768563,0.299223534746227,0.3604288378615417,0
09,698,853,148,0.029120922088623047,3.7566541459671248,0.39980409626337665,0.2913556132540892,0.34557985475873293,0
09,699,853,148,0.029883455485105515,3.676723615654914,0.4162918558715403,0.2834876917619511,0.3498897738167457,0
09,700,853,148,0.029109589755535126,3.596793085342704,0.3995590646560855,0.27561977026981305,0.33758941746294924,0
09,701,853,148,0.029894128441810608,3.5168625550304933,0.4165226302156853,0.2677518487776749,0.34213723949668007,0
09,702,853,148,0.03003781847655773,3.4369320247182857,0.4196295456136573,0.2598839272855371,0.3397567364495972,0
09,703,853,148,0.030046047642827034,3.357001494406075,0.41980747947970143,0.25201600579339906,0.3359117426365502,0
09,704,853,148,0.028700832277536392,3.277070964093865,0.390720769748123,0.24414808430126098,0.317434427024692,0
09,705,853,148,0.030016440898180008,3.249848539924876,0.41916731225453824,0.24146845868948685,0.3303178854720126,0
09,706,853,148,0.0287071093916893,3.249848539924876,0.39085649567129377,0.24146845868948685,0.3161624771803903,0
09,707,853,148,0.030070411041378975,3.249848539924876,0.4203342732705246,0.24146845868948685,0.33090136598000575,0
09,708,853,149,0.02773660235106945,2.3910093299406285,0.36987185833267416,0.15692905363197163,0.26340045598232287,0
09,709,853,149,0.029362697154283524,2.375701765014744,0.4050318399664678,0.1554222611885557,0.28022705057751174,0
09,710,853,149,0.029592979699373245,2.392705682782019,0.41001108843336787,0.1570960332695005,0.2835535608514342,0
09,711,853,149,0.030260266736149788,2.4403247304010667,0.4244393984624991,0.16178339023727756,0.2931113943498883,0
09,712,853,149,0.029668457806110382,2.487943778020114,0.4116431020412989,0.16647074720505456,0.2890569246231767,0
09,713,853,149,0.02797313779592514,2.535562825639162,0.3749863091509346,0.1711581041728316,0.2730722066618831,0
09,714,853,149,0.026941517367959023,2.5831818732582095,0.3526802571122455,0.1758454611406086,0.26426285912642705,0
09,715,853,149,0.02922072261571884,2.630800920877257,0.40196201761752853,0.1805328181083856,0.29124741786295705,0
09,716,853,149,0.027854610234498978,2.678419968496305,0.3724234654135307,0.18522017507616265,0.2788218202448467,0
09,717,853,149,0.027033617720007896,2.868896158972495,0.35467168263067395,0.20396960294727068,0.2793206427889723,0
09,718,853,149,0.02771434746682644,2.916515206591543,0.3693906555641149,0.20865695991504776,0.2890238077395813,0
09,719,853,149,0.029110850766301155,2.9641342542105904,0.3995863306649836,0.21334431688282476,0.3064653237739042,0
09,720,853,149,0.02887548692524433,3.011753301829638,0.39449721266739807,0.21803167385060176,0.30626444325899993,0
09,721,853,152,0.028809379786252975,1.3247304010662806,0.3930678213501117,0.051970424328058845,0.22251912283908526,0
09,722,853,152,0.02936246618628502,1.2618037885213482,0.4050268458968912,0.04577627491686588,0.22540156040687853,0
09,723,853,152,0.028457514941692352,1.231188658669576,0.38545967854818153,0.04276269003003372,0.21411118428910764,0
09,724,853,152,0.02974671497941017,1.2328850115109664,0.4133352055831678,0.04292966966756262,0.2281324376253652,0
09,725,853,152,0.029255760833621025,1.2668928470455196,0.4027196260272514,0.04627721382945258,0.224498419928352,0
09,726,853,152,0.031080082058906555,1.3332121652732356,0.442165727600417,0.0528053225157036,0.2474855250580603,0
09,727,853,152,0.030094921588897705,1.4318429661941117,0.42086424876696515,0.06251399572631543,0.2416891222466403,0
09,728,853,152,0.030476534739136696,1.5627852498081505,0.4291156196754119,0.07540323346128831,0.2522594265683501,0
09,729,853,152,0.029433920979499817,1.6784199684963046,0.40657186603477796,0.08678567875284525,0.2466787723938116,0
09,730,853,152,0.03033904731273651,1.8212771113534476,0.42614281921042474,0.10084774965617632,0.2634952844333005,0
09,731,853,155,0.030755160376429558,1.0629670018982993,0.43514015912450044,0.02620387597507913,0.23067201754978978,0
09,732,853,155,0.02940305694937706,0.8792762227876733,0.405904513350226,0.008122366654086909,0.20701344000215643,0
09,733,853,155,0.029385719448328018,0.7602084090633701,0.4055296359339429,0.0,0.20276481796697146,0
09,734,853,155,0.03000783361494541,0.7057635607253926,0.41898120261330013,0.0,0.20949060130665006,0
09,735,853,155,0.028568405658006668,0.7159416777737379,0.38785739579152007,0.0,0.19392869789576003,0
09,736,853,155,0.029831120744347572,0.7907427602084088,0.4151602560901367,0.0,0.20758012804506834,0
09,737,853,157,0.029930418357253075,1.1361525101983108,0.41730730326053306,0.03340785462275672,0.22535757894164488,0
09,738,853,157,0.028456322848796844,0.8963205299083167,0.3854339027052055,0.009800114440687376,0.19761700857294645,0
09,739,853,157,0.029024315997958183,0.7534229976978056,0.39771524611344966,0.0,0.19885762305672483,0
09,740,853,157,0.029424525797367096,0.707459913566783,0.4063687201723229,0.0,0.20318436008616145,0
09,741,853,161,0.02968807891011238,3.369199079122743,0.41206735630678293,0.2532166689013452,0.33264201260406406,0
09,742,853,161,0.029215872287750244,2.972939133244477,0.4018571421564197,0.21421102071571307,0.30803408143606636,0
09,743,853,161,0.02958829328417778,2.6089906700593715,0.40990975715066824,0.17838593705444183,0.29414784710255504,0
09,744,853,161,0.03040316142141819,2.2773536895674287,0.4275291165402355,0.14574141791753162,0.28663526722888355,0
09,745,853,161,0.028838975355029106,1.9780281917686484,0.393707746926747,0.11627746330498243,0.2549926051158647,0
09,746,853,163,0.028110621497035027,3.131103841027505,0.3779590290664125,0.2297798840624601,0.3038694565644363,0
09,747,853,164,0.02846219204366207,3.5596752695989333,0.38556080845710794,0.2719660967724533,0.3287634526147806,0
09,748,853,164,0.028058765456080437,3.020558180863525,0.37683777989695394,0.21889837768349016,0.29786807879022204,0
09,749,853,164,0.031036771833896637,2.515448927662667,0.4412292590052931,0.1691782027564167,0.3052037308808549,0
09,750,853,164,0.03150103613734245,2.078355345530918,0.45126774160182836,0.12615311615312344,0.2887104288774759,0
09,751,853,164,0.02778473310172558,1.7058847287854917,0.3709125579928325,0.08948915859855203,0.23020085829569226,0
09,752,853,164,0.02717110514640808,1.5408942202835314,0.3576444830956611,0.07324840099603355,0.21544644204584734,0
09,753,853,165,0.02584817074239254,1.6123429863887868,0.32903953997920704,0.08028142430052689,0.20466048213986696,0
09,754,853,165,0.0279020294547081,1.3708146532574024,0.3734487801174127,0.05650670448092865,0.2149777422991707,0
09,755,853,165,0.028197353705763817,1.226220768205501,0.3798343827419393,0.042273678234413095,0.2110540304881762,0
09,756,853,165,0.02763567492365837,1.1768649783916947,0.36768957075195896,0.03741536592345155,0.20255246833770527,0
09,757,853,167,0.027346352115273476,1.411688678864251,0.3614337333869149,0.06053011860424518,0.21098192599558005,0
09,758,853,167,0.02699197642505169,1.044307120642999,0.3537713002157165,0.024367099962260736,0.18906920008898861,0
09,759,853,167,0.02545267343521118,0.7806454218667944,0.32048796104959854,0.0,0.16024398052479927,0
09,760,853,167,0.027221623808145523,0.6462296538632383,0.3587368149912809,0.0,0.17936840749564045,0
09,761,853,167,0.026367375627160072,0.6410598166323334,0.34026596673890136,0.0,0.17013298336945068,0
09,762,853,167,0.02707907371222973,0.8434104769982623,0.35565454774315475,0.004591940032046103,0.18012324388760043,0
09,763,853,168,0.025716988369822502,0.5186800759319856,0.3262030695587104,0.0,0.1631015347793552,0
09,764,853,168,0.027342887595295906,0.6189668403408868,0.3613588223432658,0.0,0.1806794111716329,0
09,765,853,168,0.026908380910754204,0.8417141241568719,0.3519637692270204,0.004424960394517204,0.1781943648107688,0
09,766,853,168,0.02706630527973175,1.1546104446867809,0.3553784643000284,0.035224752107298064,0.19530160820366324,0
09,767,853,168,0.026444870978593826,1.392705682782019,0.34194159790611844,0.05866153694618316,0.2003015674261508,0
09,768,853,170,0.026401452720165253,0.5697322185871796,0.3410027933752248,0.0,0.1705013966876124,0
09,769,853,171,0.025894980877637863,0.9950321095359265,0.3300516848383185,0.019516739062610183,0.17478421195046434,0
09,770,853,171,0.02566480077803135,0.7331071529544831,0.32507465148292414,0.0,0.16253732574146207,0
09,771,853,171,0.02842448465526104,0.5476796316490958,0.3847454863239715,0.0,0.19237274316198574,0
09,772,853,171,0.028508301824331284,0.49489074679914324,0.38655781000847095,0.0,0.19327890500423547,0
09,773,853,171,0.028233366087079048,0.5713477927218391,0.3806130548483442,0.0,0.1903065274241721,0
09,774,853,172,0.027087906375527382,0.549375984490489,0.3558455306297055,0.0,0.17792276531485274,0
09,775,853,173,0.028161661699414253,0.9541984732824406,0.3790626378933343,0.015497300644948744,0.19727996926914151,0
09,776,853,173,0.027747895568609238,0.6837513631406742,0.3701160441701177,0.0,0.18505802208505884,0
09,777,853,173,0.027570942416787148,0.517024112443958,0.36628990220360436,0.0,0.18314495110180218,0
09,778,853,173,0.028033951297402382,0.501676158164705,0.37630123961550543,0.0,0.18815061980775272,0
09,779,853,173,0.02879801020026207,0.5832626519649404,0.3928219842477275,0.0,0.19641099212386376,0
09,780,853,173,0.02834290638566017,0.7583908881618806,0.3829815728945614,0.0,0.1914907864472807,0
09,781,853,173,0.029501162469387054,0.9879639726967983,0.4080257846776463,0.018820990572906312,0.2134233876252763,0
09,782,853,173,0.027946624904870987,1.249848539924876,0.3744130382932452,0.04459946604285209,0.20950625216804863,0
09,783,853,175,0.027110643684864044,0.6071731491578819,0.35633716455971914,0.0,0.17816858227985957,0
09,784,853,175,0.026658987626433372,0.5748212771113537,0.34657130177741036,0.0,0.17328565088870518,0
09,785,853,175,0.028545545414090157,0.639403853144311,0.3873631037276995,0.0,0.19368155186384975,0
09,786,853,177,0.02741258777678013,1.2739609838846477,0.36286590366227217,0.04697296231915644,0.2049194329907143,0
09,787,853,177,0.02875574119389057,0.8946645664202917,0.391908029240453,0.009637110508813832,0.2007725698746334,0
09,788,853,177,0.029481155797839165,0.6123025970354214,0.40759319353794965,0.0,0.20379659676897482,0
09,789,853,177,0.028412284329533577,0.5339876408578678,0.38448168668101335,0.0,0.19224084334050667,0
09,790,853,177,0.028653914108872414,0.5492548164303871,0.38970628895324183,0.0,0.19485314447662092,0
09,791,853,177,0.030097873881459236,0.6614564400823949,0.42092808425308553,0.0,0.21046404212654277,0
09,792,853,178,0.028212271630764008,0.5170241124439607,0.38015694325193194,0.0,0.19007847162596597,0
09,793,853,179,0.028959818184375763,0.8470455188012413,0.39632065218418094,0.004949753541036547,0.20063520286260875,0
09,794,853,179,0.028574226424098015,0.6089098913526378,0.3879832543998016,0.0,0.1939916271999008,0
09,795,853,179,0.029336508363485336,0.5238095238095225,0.4044655769160875,0.0,0.20223278845804374,0
09,796,853,179,0.028242111206054688,0.5390766993820418,0.3808021448214264,0.0,0.1904010724107132,0
09,797,853,179,0.030433323234319687,0.6512783230340469,0.4281812856422844,0.0,0.2140906428211422,0
09,798,853,179,0.029262760654091835,0.8502362777171922,0.4028709785552264,0.005263834287817307,0.20406740642152185,0
09,799,853,180,0.030225712805986404,0.527202229492306,0.42369226148898526,0.0,0.21184613074449263,0
09,800,853,181,0.030871208757162094,0.6684437982147894,0.43764939716346507,0.0,0.21882469858173254,0
09,801,853,181,0.028840811923146248,0.5068056060422472,0.39374745783483195,0.0,0.19687372891741597,0
09,802,853,181,0.029637843370437622,0.50333212165273,0.41098114617386994,0.0,0.20549057308693497,0
09,803,853,181,0.030273178592324257,0.6597196978876363,0.42471858306173355,0.0,0.21235929153086677,0
09,804,853,181,0.02948959358036518,0.9165152065915427,0.4077756381765146,0.011787967268412974,0.20978180272246377,0
09,805,853,181,0.03037790022790432,1.2022294923058285,0.426982910317671,0.039912109075075086,0.23344750969637304,0
09,806,853,181,0.02970127947628498,1.4879437780201141,0.4123527834929881,0.06803625088173718,0.24019451718736262,0
09,807,853,181,0.028657836839556694,1.6784199684963046,0.3897911075865349,0.08678567875284525,0.23828839316969008,0
09,808,853,183,0.029749516397714615,0.5373399571872859,0.41339577881416156,0.0,0.20669788940708078,0
09,809,853,184,0.030203772708773613,0.7568964820873229,0.4232178651539618,0.0,0.2116089325769809,0
09,810,853,184,0.03145993873476982,0.5765580193061123,0.45037911941522873,0.0,0.22518955970761437,0
09,811,853,184,0.02944192849099636,0.523769134456157,0.4067450072050187,0.0,0.20337250360250936,0
09,812,853,185,0.030889810994267464,0.7160628458338371,0.43805162113815554,0.0,0.21902581056907777,0
09,813,853,186,0.02855353057384491,1.2739609838846477,0.38753576160088443,0.04697296231915644,0.21725436196002043,0
09,814,853,186,0.028555240482091904,0.9729391332444772,0.3875727338256532,0.017342028069078384,0.2024573809473658,0
09,815,853,186,0.027757639065384865,0.7177995880285929,0.3703267214116923,0.0,0.18516336070584616,0
09,816,853,186,0.02850452996790409,0.5902096207439694,0.38647625363030447,0.0,0.19323812681515223,0
09,817,853,186,0.029514800757169724,0.5748212771113537,0.40832067643119424,0.0,0.20416033821559712,0
09,818,853,186,0.03050648793578148,0.7023304656892435,0.42976327800494,0.0,0.21488163900247,0
09,819,853,186,0.02917603589594364,0.894462619653459,0.4009957859787182,0.00961723198053653,0.20530650897962738,0
09,820,853,187,0.029147543013095856,0.5866957470010894,0.40037970305683573,0.0,0.20018985152841787,0
09,821,853,187,0.02807364985346794,0.6581041237529794,0.37715961546136284,0.0,0.18857980773068142,0
09,822,853,187,0.027535879984498024,0.7941354658911897,0.365531770222071,0.0,0.1827658851110355,0
09,823,853,187,0.028496960178017616,0.993093420574335,0.3863125770274065,0.01932590519114835,0.20281924110927743,0
09,824,853,187,0.02822485752403736,1.2243628579506431,0.38042907976910256,0.04209079577426223,0.2112599377716824,0
09,825,853,187,0.02996736951172352,1.4879437780201141,0.4181062738432816,0.06803625088173718,0.24307126236250937,0
09,826,853,189,0.031949568539857864,0.6870229007633587,0.46096606362058895,0.0,0.23048303181029448,0
09,827,853,189,0.03087129071354866,0.702290076335878,0.43765116925266967,0.0,0.21882558462633483,0
09,828,853,189,0.03189026191830635,0.8144916999878831,0.45968371543253,0.001745334782743091,0.23071452510763654,0
09,829,853,190,0.030190838500857353,0.600266569732221,0.4229381972576716,0.0,0.2114690986288358,0
09,830,853,190,0.029977954924106598,0.6087483339391759,0.41833515527395804,0.0,0.20916757763697902,0
09,831,853,190,0.030466962605714798,0.7141645462256165,0.4289086477112651,0.0,0.21445432385563254,0
09,832,853,191,0.03064001351594925,0.5833030413183086,0.43265041406678645,0.0,0.21632520703339322,0
09,833,853,191,0.03073894791305065,0.5339472515045051,0.43478960766002606,0.0,0.21739480383001303,0
09,834,853,191,0.03036578558385372,0.5662183448442997,0.4267209633134268,0.0,0.2133604816567134,0
09,835,853,191,0.030344262719154358,0.7141645462256165,0.426255588523445,0.0,0.2131277942617225,0
09,836,853,193,0.02992348000407219,1.0358657457894096,0.41715727979946143,0.023536177480271345,0.2203467286398664,0
09,837,853,193,0.029781058430671692,0.7348438951492391,0.41407779150940616,0.0,0.20703889575470308,0
09,838,853,193,0.029998494312167168,0.4915788198230933,0.41877926499348456,0.0,0.20938963249674228,0
09,839,853,193,0.032466109842061996,0.4098711579627588,0.47213489748113363,0.0,0.23606744874056682,0
09,840,853,194,0.032438479363918304,0.6906175532129724,0.4715374617706542,0.0,0.2357687308853271,0
09,841,853,194,0.029639968648552895,0.47627125489721117,0.4110270996689257,0.0,0.20551354983446285,0
09,842,853,195,0.029913967475295067,0.9440203562340953,0.41695159662746345,0.01449542281977511,0.21572350972361928,0
09,843,853,195,0.02974432148039341,0.6327799991922112,0.41328345252344245,0.0,0.20664172626172123,0
09,844,853,195,0.029989661648869514,0.4439193828506775,0.41858828210693383,0.0,0.20929414105346691,0
09,845,853,195,0.029800288379192352,0.44723130982673015,0.41449358807641373,0.0,0.20724679403820687,0
09,846,853,195,0.031124940142035484,0.6087079445858078,0.44313566451665515,0.0,0.22156783225832757,0
09,847,853,196,0.030547192320227623,0.35546669897814676,0.4306434022183085,0.0,0.21532170110915425,0
09,848,853,196,0.030584676191210747,0.4030049678904634,0.4314538913808869,0.0,0.21572694569044346,0
09,849,853,196,0.030692966654896736,0.6070115917444173,0.43379538506673393,0.0,0.21689769253336696,0
09,850,853,196,0.03115095943212509,0.8688961589724952,0.4436982625643623,0.007100610300635962,0.22539943643249913,0
09,851,853,196,0.03083859570324421,1.1546104446867809,0.43694422648429665,0.035224752107298064,0.23608448929579737,0
09,852,853,196,0.030072854831814766,1.4403247304010667,0.42038711374862553,0.06334889391396017,0.24186800383129287,0
10,35,612,11,0.027743946760892868,0.34185548689365575,0.3700306616902595,0.0,0.18501533084512975,0
10,36,612,12,0.026304740458726883,0.7977705076941708,0.33891164756428277,9.939264138618756e-05,0.16950552010283448,0
10,37,612,12,0.027262773364782333,0.501837715578173,0.3596265648710107,0.0,0.17981328243550534,0
10,38,612,13,0.027773786336183548,1.0834847934084566,0.37067586325975393,0.0282235344480483,0.19944969885390113,0
10,39,612,13,0.027970055118203163,0.7365402479906289,0.3749196544319887,0.0,0.18745982721599436,0
10,40,612,13,0.0270680021494627,0.46270043216608026,0.3554151546015146,0.0,0.1777075773007573,0
10,41,612,13,0.027407214045524597,0.34185548689365436,0.36274971099510667,0.0,0.18137485549755333,0
10,42,612,15,0.027133973315358162,1.5120562219798859,0.35684160586171154,0.07040974715804153,0.21362567650987654,0
10,43,612,16,0.027060111984610558,2.0358657457894096,0.35524455074081684,0.12197067380358871,0.23860761227220278,0
10,44,612,16,0.02546742558479309,1.6396057999111437,0.3208069371064272,0.08296502561795661,0.2018859813621919,0
10,45,612,16,0.02726825699210167,1.27735368956743,0.3597451337487006,0.04730692159421437,0.20352602767145747,0
10,46,612,16,0.026185642927885056,0.9780281917686499,0.3363364797519559,0.017842966981665202,0.17708972336681056,0
10,47,612,16,0.025945104658603668,0.7637222828062514,0.33113547848595243,0.0,0.16556773924297621,0
10,48,612,16,0.02609119564294815,0.6208247505957432,0.3342943080426684,0.0,0.1671471540213342,0
10,49,612,16,0.027470624074339867,0.5935215477200193,0.3641207844676597,0.0,0.18206039223382986,0
10,50,612,16,0.027483869343996048,0.7686093945635927,0.3644071782479765,0.0,0.18220358912398826,0
10,51,612,16,0.02691579796373844,1.0593723494486855,0.35212414330003705,0.02585003817174402,0.18898709073589054,0
10,52,612,16,0.0274954903870821,1.3450866351629713,0.36465845244223843,0.05397417997840614,0.2093163162103223,0
10,53,612,16,0.027080941945314407,1.6308009208772571,0.3556949433220688,0.08209832178506825,0.21889663255356853,0
10,54,612,16,0.028374778106808662,1.9165152065915427,0.3836707142213791,0.11022246359173034,0.24694658890655471,0
10,55,612,16,0.029307233169674873,2.1546104446867806,0.403832578597252,0.1336592484306154,0.26874591351393373,0
10,56,612,20,0.029267944395542145,1.4627004321660801,0.40298306319741767,0.06555143484708005,0.23426724902224885,0
10,57,612,20,0.02962486259639263,1.1939496748657057,0.41070047140871346,0.039097089415707574,0.2248987804122105,0
10,58,612,20,0.029992634430527687,1.0136516014378618,0.4186525606153554,0.021349539369773275,0.22000104999256434,0
10,59,612,20,0.029964923858642578,0.9455955410153886,0.418053393090426,0.014650475340337865,0.21635193421538193,0
10,60,612,20,0.028889857232570648,0.9421624459792396,0.3948079323995235,0.01431254035962446,0.204560236379574,0
10,61,612,20,0.029075266793370247,1.003352316329416,0.3988169217521483,0.02033573442763317,0.2095763280898907,0
10,62,612,20,0.030599182471632957,1.129165152065917,0.4317675511701018,0.032720057544363905,0.23224380435723285,0
10,63,612,20,0.03145216405391693,1.212488388060908,0.4502110125893192,0.04092193831155976,0.2455664754504395,0
10,64,612,21,0.028419584035873413,0.8758027383981587,0.3846395234444871,0.007780455967718138,0.19620998970610262,0
10,65,612,21,0.027658209204673767,0.8655842319964465,0.3681768147337158,0.006774602436889005,0.18747570858530238,0
10,66,612,21,0.02938084863126278,0.9199886909810586,0.4054243174505329,0.012129877954781876,0.2087770977026574,0
10,67,612,21,0.028730163350701332,1.0373197625106032,0.3913549763095979,0.02367930288386772,0.20751713959673282,0
10,68,612,21,0.027964850887656212,1.1869623167333105,0.37480712676749633,0.038409292337314625,0.20660820955240547,0
10,69,612,23,0.027351902797818184,0.9082353891514193,0.36155375215577223,0.010972947609045408,0.18626334988240884,0
10,70,612,23,0.029559362679719925,0.7772527161840136,0.409284209661443,0.0,0.2046421048307215,0
10,71,612,23,0.02845146134495735,0.7432044912960935,0.3853287855955687,0.0,0.19266439279778436,0
10,72,612,23,0.028934894129633904,0.8060907144876605,0.3957817356922081,0.0009183880064091857,0.19835006184930865,0
10,73,612,25,0.02918909303843975,1.2534835817278567,0.4012781120088153,0.0449572795518427,0.223117695780329,0
10,74,612,25,0.027921373024582863,0.9626398481360313,0.37386703344445393,0.01632822312693827,0.1950976282856961,0
10,75,612,25,0.028126101940870285,0.7398117856133126,0.3782937525523094,0.0,0.1891468762761547,0
10,76,612,25,0.02888914942741394,0.6207035825356441,0.3947926279927565,0.0,0.19739631399637825,0
10,77,612,25,0.02825920097529888,0.6189668403408868,0.38117166569534094,0.0,0.19058583284767047,0
10,78,612,25,0.027667084708809853,0.7141645462256152,0.36836872393962344,0.0,0.18418436196981172,0
10,79,612,25,0.028686949983239174,0.8944222303000935,0.3904206020017158,0.009613256274881176,0.2000169291382985,0
10,80,612,25,0.02712029591202736,1.1069913970677332,0.3565458683383159,0.030537395139521042,0.19354163173891847,0
10,81,612,27,0.027807915583252907,0.6735732460923303,0.37141381758920755,0.0,0.18570690879460378,0
10,82,612,27,0.02815556339919567,0.5221535603214988,0.3789307783466099,0.0,0.18946538917330494,0
10,83,612,27,0.02867066115140915,0.49997980532331593,0.3900683992723008,0.0,0.1950341996361504,0
10,84,612,27,0.026746978983283043,0.6070519810977815,0.34847388118708067,0.0,0.17423694059354033,0
10,85,612,29,0.026983002200722694,1.185508300012117,0.35357725644781235,0.03826616693371825,0.1959217116907653,0
10,86,612,29,0.026780446991324425,0.8759642958116247,0.3491975379786335,0.007796358790339963,0.17849694838448674,0
10,87,612,29,0.025886546820402145,0.6446140797285829,0.3298693207492629,0.0,0.16493466037463145,0
10,88,612,29,0.027542665600776672,0.5425097944181895,0.3656784911532613,0.0,0.18283924557663064,0
10,89,612,29,0.027574462816119194,0.5696514398804473,0.366366021489893,0.0,0.1831830107449465,0
10,90,612,29,0.027848223224282265,0.7141645462256152,0.3722853632798355,0.0,0.18614268163991776,0
10,91,612,29,0.02798927016556263,0.942041277919141,0.37533512880095904,0.014300613242658187,0.19481787102180861,0
10,92,612,29,0.027874093502759933,1.2022294923058285,0.37284473934717066,0.039912109075075086,0.20637842421112287,0
10,93,612,32,0.028113994747400284,1.3691990791227429,0.37803196664708383,0.05634767625471046,0.21718982145089716,0
10,94,612,32,0.028401071205735207,1.073266287006745,0.38423923265801985,0.027217680917219236,0.20572845678761953,0
10,95,612,32,0.028305554762482643,0.8419564602770715,0.38217394323956316,0.004448814628450002,0.19331137893400657,0
10,96,612,32,0.02724120020866394,0.6837513631406755,0.35916010266265336,0.0,0.17958005133132668,0
10,97,612,32,0.026979146525263786,0.6224807140837681,0.3534938877056867,0.0,0.17674694385284334,0
10,98,612,32,0.02818598598241806,0.6581445131063463,0.37958858591430983,0.0,0.18979429295715491,0
10,99,612,32,0.027635186910629272,0.7907427602084088,0.36767901876624065,0.0,0.18383950938312033,0
10,100,612,32,0.027613619342446327,1.0117936911830034,0.36721267738214725,0.021166656909622363,0.19418966714588481,0
10,101,612,32,0.028642427176237106,1.2974675875439237,0.3894579145413147,0.049286823010629116,0.21937236877597188,0
10,102,612,32,0.02793823927640915,1.5355628256391618,0.3742317213478105,0.0727236078495142,0.22347766459866236,0
10,103,612,33,0.029381321743130684,0.9403449250777494,0.40543454723821404,0.014133633605129169,0.2097840904216716,0
10,104,612,33,0.027723301202058792,1.1376065269195041,0.36958425630971786,0.033550980026353074,0.20156761816803548,0
10,105,612,34,0.029160069301724434,0.7975281715739733,0.40065055078185763,7.553840745359697e-05,0.20036304459465562,0
10,106,612,34,0.02747180126607418,0.8230138535482048,0.3641462381125986,0.0025842086760433244,0.18336522339432096,0
10,107,612,36,0.02919674478471279,1.105537380346539,0.4014435607009179,0.030394269735924604,0.21591891521842127,0
10,108,612,36,0.027814658358693123,0.9082353891514187,0.3715596122010409,0.010972947609045342,0.1912662799050431,0
10,109,612,36,0.02746458351612091,0.7755563633426225,0.3639901734383295,0.0,0.18199508671916476,0
10,110,612,36,0.025767505168914795,0.7075003029201492,0.32729536117957553,0.0,0.16364768058978776,0
10,111,612,36,0.026425544172525406,0.7074599135667823,0.3415237070518691,0.0,0.17076185352593454,0
10,112,612,38,0.027923421934247017,1.2790096530554529,0.373911335674569,0.047469925526087704,0.21069063060032836,0
10,113,612,38,0.027150139212608337,0.9609434952946403,0.3571911504573197,0.016161243489409314,0.18667619697336452,0
10,114,612,38,0.025812514126300812,0.7755563633426225,0.3282685603509404,0.0,0.1641342801754702,0
10,115,612,38,0.025979362428188324,0.6547921967769289,0.3318762117734769,0.0,0.16593810588673846,0
10,116,612,38,0.025565460324287415,0.5986509955975609,0.3229266779931708,0.0,0.1614633389965854,0
10,117,612,38,0.027818694710731506,0.6139181711700816,0.37164688759436765,0.0,0.18582344379718382,0
10,118,612,38,0.027044637128710747,0.7312088533462593,0.35490994807918386,0.0,0.17745497403959193,0
10,119,612,40,0.02608412504196167,1.0341290035946518,0.3341414250740167,0.023365222137086906,0.1787533236055518,0
10,120,612,40,0.025465261191129684,0.7926006704632659,0.32076013784152385,0.0,0.16038006892076193,0
10,121,612,40,0.02594795636832714,0.6480067854113658,0.3311971391353217,0.0,0.16559856956766086,0
10,122,612,40,0.025370415300130844,0.6003473484389513,0.3187093473347412,0.0,0.1593546736673706,0
10,123,612,40,0.0252638328820467,0.6598004765943692,0.31640478559890833,0.0,0.15820239279945417,0
10,124,612,41,0.024823438376188278,0.522113170968134,0.30688242398321397,0.0,0.15344121199160698,0
10,125,612,41,0.025552932173013687,0.511854275213055,0.32265578999339434,0.0,0.16132789499669717,0
10,126,612,41,0.024882670491933823,0.6784603578496708,0.3081631611810869,0.0,0.15408158059054344,0
10,127,612,41,0.026604505255818367,0.9641342542105911,0.3453932652038952,0.016475324236190064,0.18093429472004263,0
10,128,612,41,0.024250179529190063,1.2022294923058292,0.294487223843574,0.039912109075075156,0.16719966645932458,0
10,129,612,42,0.02605557255446911,0.6070115917444167,0.3335240533599854,0.0,0.1667620266799927,0
10,130,612,42,0.02520809695124626,0.8042731935861716,0.31519964411551366,0.000739481251914024,0.15796956268371384,0
10,131,612,42,0.02656610496342182,1.0593723494486862,0.3445629608620289,0.025850038171744086,0.1852064995168865,0
10,132,612,42,0.025106167420744896,1.345086635162972,0.31299568871679667,0.0539741799784062,0.18348493434760144,0
10,133,612,45,0.025256963446736336,1.3215800315036947,0.31625625230375876,0.0516603192869334,0.18395828579534607,0
10,134,612,45,0.02555694803595543,1.029039945070479,0.3227426223644199,0.022864283224500077,0.17280345279446,0
10,135,612,45,0.028351206332445145,0.8011228240235876,0.38316103720128225,0.0004293762107887617,0.1917952067060355,0
10,136,612,45,0.028519725427031517,0.6446140797285835,0.3868048150787399,0.0,0.19340240753936996,0
10,137,612,45,0.02986077032983303,0.5850397835130652,0.4158013496346568,0.0,0.2079006748173284,0
10,138,612,45,0.0260100606828928,0.6274889939012078,0.33253998000486507,0.0,0.16626999000243253,0
10,139,612,45,0.028095640242099762,0.790702370855044,0.3776350992147618,0.0,0.1888175496073809,0
10,140,612,45,0.02859191782772541,0.9437376307605322,0.3883657840194682,0.014467592880187152,0.20141668844982769,0
10,141,612,45,0.027859117835760117,1.1546104446867815,0.3725209303197839,0.035224752107298134,0.20387284121354102,0
10,142,612,45,0.02502943016588688,1.3927056827820197,0.3113364493747222,0.05866153694618322,0.1849989931604527,0
10,143,612,49,0.026000145822763443,2.178722888646552,0.33232559748586266,0.13603274470691973,0.2341791710963912,0
10,144,612,49,0.027724316343665123,1.782462942768286,0.36960620605100214,0.09702709652128762,0.23331665128614487,0
10,145,612,49,0.028116237372159958,1.4729189385677937,0.3780804574516825,0.06655728837790931,0.2223188729147959,0
10,146,612,50,0.029221372678875923,1.942324003392704,0.4019760735069014,0.1127629395055635,0.25736950650623247,0
10,147,612,50,0.029353400692343712,1.5800718930489916,0.40483082866600917,0.07710483548182138,0.24096783207391528,0
10,148,612,50,0.028240999206900597,1.2909245122985582,0.38077810079290025,0.048642758694445995,0.21471042974367313,0
10,149,612,50,0.02704283967614174,1.09701522678622,0.35487108294094655,0.029555395842624656,0.1922132393917856,0
10,150,612,50,0.02575642615556717,1.0153479542792523,0.3270558069389168,0.021516519007302174,0.17428616297310948,0
10,151,612,50,0.02724601700901985,0.9983036471586089,0.3592642531781785,0.019838771220701705,0.1895515121994401,0
10,152,612,50,0.028781937435269356,1.045882305424291,0.3924744533898519,0.024522152482823363,0.20849830293633762,0
10,153,612,50,0.027450600638985634,1.1580839290762974,0.36368783085517126,0.035566662793667034,0.19962724682441915,0
10,154,612,50,0.02648312598466873,1.275415000605842,0.342768760817122,0.04711608772275288,0.19494242426993744,0
10,155,612,50,0.029721032828092575,1.4250575548285493,0.41277989726605235,0.06184607717619978,0.23731298722112606,0
10,156,612,53,0.02939757890999317,1.362332889050447,0.40578606529680006,0.055671806293283846,0.23072893579504195,0
10,157,612,53,0.029600700363516808,1.154812391453613,0.4101780272913925,0.035244630635575314,0.22271132896348392,0
10,158,612,53,0.03026866912841797,1.0374409305707015,0.4246210778807257,0.023691230000833972,0.2241561539407798,0
10,159,612,53,0.029421256855130196,0.9846924350741145,0.40629803797791203,0.018498958414814654,0.21239849819636333,0
10,160,612,54,0.029565729200839996,0.9779070237085487,0.40942186877283704,0.017831039864698667,0.21362645431876787,0
10,161,612,54,0.0304242130368948,0.8486207035825347,0.42798430181729086,0.005104806061599314,0.21654455393944508,0
10,162,612,56,0.030969766899943352,1.7501514600751231,0.43978045525626536,0.09384653199692654,0.26681349362659595,0
10,163,612,56,0.028581872582435608,1.2586534189587621,0.3881485822676402,0.04546616987574041,0.21680737607169032,0
10,164,612,56,0.028322437778115273,1.0001211680600985,0.3825389936157116,0.020017677975196945,0.20127833579545426,0
10,165,612,56,0.0289121326059103,0.811300941071933,0.39528957819038396,0.0014312540359624078,0.19836041611317318,0
10,166,612,56,0.031229494139552116,0.7228078678460367,0.4453963670446741,0.0,0.22269818352233706,0
10,167,612,57,0.02847573533654213,0.9950321095359258,0.38585364619816875,0.019516739062610117,0.20268519263038942,0
10,168,612,58,0.029783673584461212,1.5154489276626673,0.4141343372649349,0.07074370643309938,0.24243902184901717,0
10,169,612,58,0.030237581580877304,1.2025122177793928,0.42394889222561566,0.03993993901466315,0.2319444156201394,0
10,170,612,58,0.02886628545820713,0.955894826123833,0.3942982553794266,0.01566428028247784,0.20498126783095222,0
10,171,612,58,0.029426051303744316,0.8129972939133248,0.40640170519638136,0.001598233673491438,0.2039999694349364,0
10,172,612,58,0.0302681103348732,0.7738196211478678,0.4246089954543306,0.0,0.2123044977271653,0
10,173,612,58,0.027218235656619072,0.8604951734722746,0.35866355521257237,0.006273663524302253,0.1824686093684373,0
10,174,612,58,0.029252471402287483,1.0373197625106025,0.4026485008105393,0.023679302883867655,0.2131639018472035,0
10,175,612,58,0.026469651609659195,1.270285552728301,0.3424774132419832,0.04661117310451042,0.1945442931732468,0
10,176,612,58,0.025910712778568268,1.5355628256391625,0.3303918454160932,0.07272360784951427,0.20155772663280372,0
10,177,612,58,0.0255575068295002,1.7736580637344006,0.322754704790815,0.09616039268839936,0.20945754873960717,0
10,178,612,58,0.025489650666713715,2.0117533018296387,0.3212874954789121,0.11959717752728445,0.22044233650309827,0
10,179,612,58,0.025494230911135674,2.249848539924877,0.32138653110059673,0.14303396236616955,0.23221024673338314,0
10,180,612,60,0.026511410251259804,1.05089058524173,0.3433803329664836,0.025015139984099218,0.18419773647529142,0
10,181,612,60,0.027909914031624794,1.1784401631729882,0.3736192631538466,0.03757041844401433,0.20559484079893045,0
10,182,612,60,0.0270401518791914,1.3383012237974075,0.35481296646998645,0.05330626142829034,0.2040596139491384,0
10,183,612,60,0.02504316158592701,1.4352356718768933,0.3116333548660027,0.06284795500137329,0.187240654933688,0
10,184,612,61,0.026572251692414284,0.9794822084898414,0.34469586755237425,0.017986092385261367,0.18134097996881782,0
10,185,612,61,0.026145437732338905,1.0304939617916726,0.3354671491728337,0.02300740862809645,0.1792372789004651,0
10,186,612,61,0.02734878845512867,1.1461286804798267,0.36148641276599724,0.03438985391965339,0.1979381333428253,0
10,187,612,62,0.027780838310718536,0.8247505957429601,0.3708283434808592,0.0027551640192275133,0.18679175375004337,0
10,188,612,62,0.02727227471768856,0.8162284421826397,0.3598320063944808,0.001916290125927411,0.18087414826020412,0
10,189,612,62,0.028923846781253815,0.8570216890827587,0.3955428661223784,0.0059317528379333505,0.20073730948015586,0
10,190,612,64,0.027880189940333366,1.068096449775838,0.3729765586191404,0.026708790593321367,0.1998426746062309,0
10,191,612,64,0.027830300852656364,0.8146936467547151,0.37189783959059236,0.0017652133110203263,0.18683152645080633,0
10,192,612,64,0.029069118201732635,0.6003877377923181,0.3986839747870483,0.0,0.19934198739352416,0
10,193,612,64,0.027074802666902542,0.4591865584232003,0.3555621977307421,0.0,0.17778109886537105,0
10,194,612,64,0.02760898321866989,0.4472313098267295,0.3671124335178232,0.0,0.1835562167589116,0
10,195,612,64,0.028539178892970085,0.5645219920029085,0.3872254446163055,0.0,0.19361272230815274,0
10,196,612,66,0.029985390603542328,1.1344965467102877,0.4184959320945212,0.033244850690883364,0.22587039139270226,0
10,197,612,66,0.028486039489507675,0.821559836827012,0.38607644614089304,0.002441083272447027,0.19425876470667003,0
10,198,612,66,0.030127642676234245,0.583424209378407,0.42157175538190333,0.0,0.21078587769095167,0
10,199,612,66,0.030756138265132904,0.4574902055818085,0.43516130337069175,0.0,0.21758065168534588,0
10,200,612,66,0.029644619673490524,0.4931136152510212,0.411127665731287,0.0,0.2055638328656435,0
10,201,612,67,0.03070906735956669,0.4881861141403131,0.4341435200459293,0.0,0.21707176002296466,0
10,202,612,67,0.030578937381505966,0.4064784522799786,0.43132980486181,0.0,0.215664902430905,0
10,203,612,69,0.028965016826987267,1.5120562219798865,0.39643305902440934,0.0704097471580416,0.23342140309122547,0
10,204,612,69,0.030928732827305794,1.1157962761016194,0.43889320241132385,0.03140409897240937,0.2351486506918666,0
10,205,612,69,0.02897672913968563,0.8130376832666902,0.3966863066816491,0.0016022093791467934,0.19914425803039795,0
10,206,612,69,0.03091084025800228,0.607213538511248,0.4385063231181551,0.0,0.21925316155907754,0
10,207,612,69,0.030559062957763672,0.5017165475180738,0.4309000732296935,0.0,0.21545003661484674,0
10,208,612,69,0.030105920508503914,0.5730845349165944,0.42110207119317394,0.0,0.21055103559658697,0
10,209,612,69,0.029419898986816406,0.7703057474049825,0.4062686776817721,0.0,0.20313433884088605,0
10,210,612,70,0.025736859068274498,0.4744537339957183,0.3266327206413176,0.0,0.1633163603206588,0
10,211,612,70,0.02847897633910179,0.5254250979441812,0.38592372427125987,0.0,0.19296186213562994,0
10,212,612,70,0.028419338166713715,0.7005533341411201,0.38463420717687324,0.0,0.19231710358843662,0
10,213,612,72,0.02737691067159176,0.9831172502928225,0.36209448101170433,0.01834390589425202,0.19021919345297816,0
10,214,612,72,0.02913210727274418,0.7143664929924466,0.40004594616505046,0.0,0.20002297308252523,0
10,215,612,72,0.030122727155685425,0.5425501837715577,0.4214654703043817,0.0,0.21073273515219085,0
10,216,612,73,0.029870416969060898,0.7977301183408047,0.41600993258898966,9.541693573076673e-05,0.20805267476236022,0
10,217,612,73,0.03144252300262451,0.6021244799870747,0.45000255045925036,0.0,0.22500127522962518,0
10,218,612,73,0.02998320199549198,0.5034532897128304,0.41844860925780736,0.0,0.20922430462890368,0
10,219,612,73,0.031613223254680634,0.5152873702492021,0.45369349007440335,0.0,0.22684674503720167,0
10,220,612,73,0.03057386353611946,0.6563673815582208,0.43122009643014314,0.0,0.21561004821507157,0
10,221,612,73,0.029110360890626907,0.9165152065915427,0.3995757384045106,0.011787967268412974,0.2056818528364618,0
10,222,612,74,0.030731430277228355,0.5271618401389392,0.4346270587502583,0.0,0.21731352937512916,0
10,223,612,74,0.02900967001914978,0.6631527929237853,0.397398565717636,0.0,0.198699282858818,0
10,224,612,74,0.02918882668018341,0.8212771113534475,0.4012723527189004,0.002413253332858939,0.20184280302587965,0
10,225,612,75,0.031571704894304276,0.44723130982673015,0.4527957657932528,0.0,0.2263978828966264,0
10,226,612,75,0.03048618696630001,0.49820267377519317,0.42932432345400867,0.0,0.21466216172700434,0
10,227,612,75,0.02970012091100216,0.6784199684963047,0.41232773259559574,0.0,0.20616386629779787,0
10,228,612,75,0.030582109466195107,0.9641342542105904,0.43139839276897907,0.016475324236189998,0.22393685850258455,0
10,229,612,75,0.028372524306178093,1.249848539924876,0.3836219817682525,0.04459946604285209,0.2141107239055523,0
10,230,612,75,0.029696615412831306,1.5355628256391618,0.4122519355073443,0.0727236078495142,0.24248777167842925,0
10,231,612,76,0.029308408498764038,0.9148188537501524,0.4038579919674362,0.011620987630884086,0.20773948979916015,0
10,232,612,76,0.03237702324986458,1.1376065269195041,0.4702086365157291,0.033550980026353074,0.25187980827104106,0
10,233,612,76,0.030330045148730278,1.392705682782019,0.42594817132120083,0.05866153694618316,0.242304854133692,0
10,234,612,77,0.0325339250266552,0.8144916999878844,0.47360122074843414,0.001745334782743222,0.2376732777655887,0
10,235,612,78,0.028323745355010033,0.6121814289753237,0.38256726649347594,0.0,0.19128363324673797,0
10,236,612,78,0.029715197160840034,0.5951371218546802,0.4126537164597336,0.0,0.2063268582298668,0
10,237,612,78,0.02956143394112587,0.6172300981461295,0.40932899518861393,0.0,0.20466449759430697,0
10,238,612,78,0.029145147651433945,0.734561169675674,0.4003279097223557,0.0,0.20016395486117786,0
10,239,612,78,0.03126566484570503,0.9165152065915427,0.4461784625052242,0.011787967268412974,0.22898321488681858,0
10,240,612,78,0.031985193490982056,1.1546104446867809,0.4617363585780266,0.035224752107298064,0.24848055534266233,0
10,241,612,82,0.028795218095183372,2.4168181267417905,0.39276161239050705,0.15946952954580484,0.276115570968156,0
10,242,612,82,0.029289372265338898,2.0205581808635236,0.4034463839749123,0.12046388136017265,0.26195513266754245,0
10,243,612,82,0.030308635905385017,1.7042287652974668,0.4254852532912527,0.0893261546666785,0.2574057039789656,0
10,244,612,82,0.030816635116934776,1.4202108324245715,0.4364693871269721,0.06136899249754528,0.2489191898122587,0
10,245,612,82,0.028714416548609734,1.1685043822448389,0.3910144935337861,0.03659239485277313,0.21380344419327962,0
10,246,612,82,0.027701493352651596,0.9967284623773155,0.3691127194822746,0.01968371870013894,0.19439821909120678,0
10,247,612,82,0.02957126870751381,0.8640494365685194,0.4095416458931664,0.006623525621981669,0.20808258575757402,0
10,248,612,83,0.02858433686196804,1.1293670988327462,0.3882018657680423,0.03273993607264086,0.21047090092034157,0
10,249,612,85,0.02787240594625473,2.321580031503695,0.37280825041945764,0.15009481561025081,0.26145153301485424,0
10,250,612,85,0.02703023888170719,1.8827900965305533,0.3545986242257387,0.10690274936942841,0.23075068679758354,0
10,251,612,87,0.029908107593655586,3.2739609838846477,0.4168248922493343,0.2438419549657912,0.33033342360756274,0
10,252,612,87,0.028114013373851776,2.7824629427682854,0.3780323693946303,0.19546159284460493,0.2867469811196176,0
10,253,612,87,0.03053143061697483,2.323276384345086,0.4303025972444594,0.15026179524777974,0.29028219624611956,0
10,254,612,87,0.028434809297323227,1.8964013086150477,0.38496872928899695,0.10824256217531547,0.2466056457321562,0
10,255,612,87,0.032238613814115524,1.552849468880002,0.4672159000471901,0.0744252098700472,0.2708205549586187,0
10,256,612,87,0.02916623279452324,1.330021406357282,0.40078381994499473,0.052491241768922565,0.22663753085695865,0
10,257,612,87,0.032357074320316315,1.200735086231268,0.4697772938934266,0.03976500796582322,0.2547711509296249,0
10,258,612,87,0.03128800168633461,1.1360717314915771,0.44666143736298813,0.03339990321144575,0.24003067028721695,0
10,259,612,89,0.030891133472323418,1.523930691869623,0.4380802162139571,0.0715786046207442,0.25482941041735063,0
10,260,612,89,0.0322679840028286,1.1327598045155285,0.4678509523785127,0.03307389534769879,0.25046242386310574,0
10,261,612,89,0.03426739200949669,0.8129972939133241,0.5110828406140323,0.0015982336734913726,0.2563405371437618,0
10,262,612,89,0.030757613480091095,0.7806454218667944,0.43519320097637465,0.0,0.21759660048818733,0
10,263,612,89,0.03170328959822655,0.8384425865341887,0.45564093556075386,0.004102928236425603,0.22987193189858973,0
10,264,612,89,0.030977562069892883,0.9608627165879059,0.439949005104476,0.016153292078098264,0.2280511485912871,0
10,265,612,89,0.031406912952661514,1.1445131063451666,0.4492325776998499,0.03423082569343514,0.24173170169664254,0
10,266,612,89,0.034000545740127563,1.3706530958439351,0.5053129987133509,0.05649080165830671,0.2809019001858288,0
10,267,612,89,0.035196270793676376,1.6512379336806813,0.531167377460977,0.0841100288467265,0.3076387031538517,0
10,268,612,89,0.03465143218636513,1.9641342542105904,0.5193866895277881,0.11490982055950737,0.31714825504364774,0
10,269,612,90,0.03483621031045914,1.3910093299406285,0.5233820257385865,0.05849455730865426,0.2909382915236204,0
10,270,612,90,0.03514369949698448,1.5661779554909327,0.5300306627857329,0.07573719273634624,0.30288392776103956,0
10,271,612,91,0.036272626370191574,1.0985096328607797,0.5544407082820973,0.029702496951876437,0.2920716026169869,0
10,272,612,91,0.03479311987757683,1.1325174683953316,0.5224503095645112,0.03305004111376627,0.27775017533913876,0
10,273,612,91,0.03485267236828804,1.231148269316209,0.523737974020184,0.04275871432437822,0.28324834417228106,0
10,274,612,91,0.03501681238412857,1.392705682782019,0.5272870659494593,0.05866153694618316,0.2929743014478212,0
10,275,612,91,0.03543781861662865,1.5831818732582095,0.5363902076440008,0.07741096481729123,0.30690058623064603,0
10,276,612,91,0.034231655299663544,1.7736580637344,0.5103101291713157,0.0961603926883993,0.3032352609298575,0
10,277,612,92,0.03520424664020538,1.1052950442263427,0.5313398339603886,0.030370415501992144,0.2808551247311904,0
10,278,612,92,0.035410478711128235,1.2804636697766472,0.5357990547952468,0.047613050929684146,0.2917060528624655,0
10,279,612,95,0.035304706543684006,1.4966678783472687,0.5335120125776867,0.06889500330331473,0.3012035079405007,0
10,280,612,95,0.03576655685901642,1.2432650753261445,0.5434982990921954,0.04395142602101357,0.29372486255660446,0
10,281,612,95,0.036513496190309525,1.0221737549981829,0.5596488784544286,0.022188413263073442,0.290918645858751,0
10,282,612,96,0.03421697020530701,1.4661335272022287,0.5099926030056543,0.0658893698277934,0.28794098641672383,0
10,283,612,96,0.03557742387056351,1.19911951209661,0.5394088005050252,0.03960597973960518,0.2895073901223152,0
10,284,612,96,0.03375605493783951,0.9967284623773155,0.50002653441798,0.01968371870013894,0.25985512655905946,0
10,285,612,96,0.0340036004781723,0.8572640252029549,0.5053790493109771,0.00595560707186581,0.25566732819142146,0
10,286,612,98,0.034311313182115555,2.0358657457894096,0.5120325193286814,0.12197067380358871,0.3170015965661351,0
10,287,612,98,0.035108521580696106,1.6396057999111424,0.5292700337694112,0.08296502561795649,0.30611752969368383,0
10,288,612,98,0.035720404237508774,1.284139100932993,0.5425003712214754,0.04797484014433007,0.29523760568290275,0
10,289,612,98,0.03769334778189659,1.0256068500343294,0.5851600357429265,0.022526348243786607,0.3038431919933566,0
10,290,612,98,0.03733022138476372,0.9116280948342002,0.577308391774382,0.011306906884103195,0.2943076493292426,0
10,291,612,98,0.03670865669846535,0.8894947291893841,0.5638687061476465,0.00912822018491591,0.2864984631662812,0
10,292,612,98,0.036725964397192,0.9762106708671576,0.5642429391678552,0.017664060227169712,0.29095349969751244,0
10,293,612,98,0.03704729303717613,1.0952380952380938,0.5711908176420517,0.029380464793784564,0.3002856412179181,0
10,294,612,100,0.037691883742809296,1.0153883436326185,0.5851283797857716,0.021520494712957604,0.3033244372493646,0
10,295,612,101,0.03772551193833351,1.4219071852659633,0.5858555002062243,0.061535972135074314,0.32369573617064934,0
10,296,612,101,0.0377487987279892,1.015428732985984,0.5863590151888598,0.02152447041861295,0.30394174280373637,0
10,297,612,101,0.037660151720047,0.6939294801890209,0.5844422590655526,0.0,0.2922211295327763,0
10,298,612,101,0.03865833580493927,0.5799103356355263,0.606025338983518,0.0,0.303012669491759,0
10,299,612,101,0.038362160325050354,0.5951371218546788,0.5996213307961162,0.0,0.2998106653980581,0
10,300,612,101,0.038466330617666245,0.765176299527445,0.6018737367246773,0.0,0.3009368683623386,1
10,301,612,101,0.03864141181111336,0.9913566783795792,0.6056594025627672,0.01915494984796411,0.3124071762053656,1
10,302,612,101,0.03740617260336876,1.249848539924876,0.578950635169994,0.04459946604285209,0.3117750506064231,1
10,303,612,101,0.03664480149745941,1.4879437780201141,0.562488007008732,0.06803625088173718,0.3152621289452346,1
10,304,612,101,0.03702279180288315,1.7260390161153523,0.5706610435193844,0.09147303572062228,0.33106703962000333,1
10,305,612,101,0.03787711635231972,1.9641342542105904,0.5891335430367045,0.11490982055950737,0.35202168179810595,1
10,306,612,101,0.03759884089231491,2.2022294923058285,0.5831165752414902,0.13834660539839247,0.36073159031994134,1
10,307,612,101,0.03831759840250015,2.3450866351629713,0.5986577975658675,0.1524086763017235,0.3755332369337955,1
10,308,612,101,0.0385085791349411,2.487943778020114,0.6027872487096506,0.16647074720505456,0.3846289979573526,1
10,309,612,101,0.03913196548819542,2.630800920877257,0.6162663230464338,0.1805328181083856,0.3983995705774097,1
10,310,612,101,0.03957688808441162,2.7736580637343997,0.6258865925906825,0.19459488901171665,0.41024074080119954,1
10,311,612,101,0.03802099823951721,2.916515206591543,0.5922446067344055,0.20865695991504776,0.4004507833247266,1
10,312,612,101,0.039310041815042496,3.0593723494486857,0.6201167506900012,0.22271903081837877,0.42141789075418995,1
10,313,612,101,0.035815414041280746,3.2022294923058285,0.5445547059066673,0.23678110172170985,0.3906679038141886,1
10,314,612,101,0.039957039058208466,3.3450866351629713,0.6341063478167289,0.25084317262504086,0.4424747602208849,1
10,315,612,101,0.03904138132929802,3.392705682782019,0.6143076811782906,0.25553052959281786,0.4349191053855542,1
10,316,612,101,0.03898683562874794,3.392705682782019,0.6131282752631173,0.25553052959281786,0.4343294024279676,1
10,317,612,101,0.040081653743982315,3.392705682782019,0.6368008094523293,0.25553052959281786,0.4461656695225736,1
10,318,612,101,0.039768368005752563,3.392705682782019,0.6300268373687119,0.25553052959281786,0.4427786834807649,1
10,319,612,101,0.03865852579474449,3.392705682782019,0.6060294470084923,0.25553052959281786,0.43077998830065506,1
10,320,612,101,0.03789137676358223,3.392705682782019,0.5894418865583056,0.25553052959281786,0.42248620807556175,1
10,321,612,101,0.03719901666045189,3.392705682782019,0.5744714380568295,0.25553052959281786,0.4150009838248237,1
10,322,612,101,0.038988567888736725,3.392705682782019,0.6131657307849419,0.25553052959281786,0.43434813018887986,1
10,323,612,101,0.03889840468764305,3.392705682782019,0.6112161910113496,0.25553052959281786,0.43337336030208373,1
10,324,612,101,0.03700915724039078,3.392705682782019,0.5703662323153457,0.25553052959281786,0.41294838095408176,1
10,325,612,101,0.037051450461149216,3.392705682782019,0.5712807108944307,0.25553052959281786,0.41340562024362426,1
10,326,612,101,0.03694363683462143,3.392705682782019,0.5689495275457741,0.25553052959281786,0.412240028569296,1
10,327,612,101,0.038522955030202866,3.392705682782019,0.60309808926604,0.25553052959281786,0.42931430942942894,1
10,328,612,101,0.03821159154176712,3.392705682782019,0.5963656807292215,0.25553052959281786,0.42594810516101966,1
10,329,612,101,0.037276845425367355,3.392705682782019,0.5761542784051289,0.25553052959281786,0.4158424039989734,1
10,330,612,101,0.038552477955818176,3.392705682782019,0.6037364441272439,0.25553052959281786,0.4296334868600309,1
10,331,612,101,0.03754589334130287,3.392705682782019,0.5819717250658067,0.25553052959281786,0.4187511273293123,1
10,332,612,101,0.037103842943906784,3.392705682782019,0.5724135591932284,0.25553052959281786,0.41397204439302315,1
10,333,612,101,0.03638347610831261,3.392705682782019,0.5568375394808336,0.25553052959281786,0.4061840345368257,1
10,334,612,101,0.03867800161242485,3.392705682782019,0.6064505598431136,0.25553052959281786,0.4309905447179657,1
10,335,612,101,0.038016751408576965,3.392705682782019,0.5921527802938032,0.25553052959281786,0.42384165494331055,1
10,336,612,101,0.0365687720477581,3.392705682782019,0.5608440720734247,0.25553052959281786,0.40818730083312127,1
10,337,612,101,0.03728337958455086,3.392705682782019,0.5762955622444415,0.25553052959281786,0.41591304591862965,1
10,338,612,101,0.03474840894341469,3.392705682782019,0.5214835543538905,0.25553052959281786,0.3885070419733542,1
10,339,612,101,0.03443179279565811,3.392705682782019,0.5146375710089587,0.25553052959281786,0.38508405030088827,1
10,340,612,101,0.03385190665721893,3.392705682782019,0.5020990732922737,0.25553052959281786,0.37881480144254576,1
10,341,612,101,0.03344262018799782,3.392705682782019,0.4932493403539905,0.25553052959281786,0.37438993497340417,1
10,342,612,101,0.03736504167318344,3.392705682782019,0.5780612880378108,0.25553052959281786,0.4167959088153143,1
10,343,612,101,0.03737573325634003,3.392705682782019,0.5782924651295023,0.25553052959281786,0.41691149736116007,1
10,344,612,101,0.03516677767038345,3.392705682782019,0.5305296669958475,0.25553052959281786,0.39303009829433266,1
10,345,612,101,0.03883367031812668,3.392705682782019,0.6098164821882402,0.25553052959281786,0.43267350589052905,1
10,346,612,101,0.03780623897910118,3.392705682782019,0.5876010080727593,0.25553052959281786,0.42156576883278857,1
10,347,612,101,0.03689783066511154,3.392705682782019,0.5679590907794191,0.25553052959281786,0.41174481018611847,1
10,348,612,101,0.03615294769406319,3.392705682782019,0.5518529747463197,0.25553052959281786,0.40369175216956876,1
10,349,612,101,0.037031348794698715,3.392705682782019,0.5708460657422469,0.25553052959281786,0.4131882976675324,1
10,350,612,101,0.03774436190724373,3.392705682782019,0.5862630807232833,0.25553052959281786,0.42089680515805056,1
10,351,612,101,0.03709390386939049,3.392705682782019,0.5721986531024156,0.25553052959281786,0.4138645913476167,1
10,352,612,101,0.03705177083611488,3.392705682782019,0.5712876381522305,0.25553052959281786,0.4134090838725242,1
10,353,612,101,0.03597540780901909,3.392705682782019,0.5480141462320915,0.25553052959281786,0.4017723379124547,1
10,354,612,100,0.034621335566043854,4.345086635162971,0.5187359300421519,0.3492776689483582,0.43400679949525506,1
10,355,612,100,0.03668319061398506,4.297467587543924,0.5633180697020704,0.3445903119805812,0.4539541908413258,1
10,356,612,98,0.036241985857486725,6.154610444686781,0.5537781885681033,0.5273972337238849,0.5405877111459941,1
10,357,612,96,0.037059471011161804,7.916515206591544,0.571454133987954,0.7008294415316347,0.6361417877597944,1
10,358,612,95,0.03761120140552521,8.630800920877258,0.5833838385133482,0.7711397960482899,0.677261817280819,1
10,359,612,95,0.03963124752044678,8.345086635162973,0.6270619710303907,0.7430156542416279,0.6850388126360093,1
10,360,612,95,0.039333052933216095,8.059372349448687,0.6206143050089483,0.7148915124349657,0.667752908721957,1
10,361,612,91,0.03862585872411728,11.58318187325821,0.6053231083614389,1.0617559280504651,0.833539518205952,1
10,362,612,91,0.036666445434093475,11.106991397067734,0.5629559996577661,1.014882358372695,0.7889191790152306,1
10,363,612,91,0.0350932739675045,10.630800920877258,0.5289403446278456,0.9680087886949247,0.7484745666613851,1
10,364,612,91,0.03496343642473221,10.154610444686782,0.5261329525802063,0.9211352190171546,0.7236340857986805,1
10,365,612,91,0.03579143062233925,9.678419968496305,0.5440361281657927,0.8742616493393843,0.7091488887525885,1
10,366,612,91,0.034208234399557114,9.202229492305829,0.5098037144063454,0.8273880796616142,0.6685958970339798,1
10,367,612,91,0.03363414481282234,8.726039016115354,0.49739055172613145,0.7805145099838441,0.6389525308549877,1
10,368,612,91,0.03326692432165146,8.249848539924878,0.48945038384686596,0.7336409403060739,0.6115456620764699,1
10,369,612,90,0.032001882791519165,8.726039016115354,0.46209722037969136,0.7805145099838441,0.6213058651817678,1
10,370,612,90,0.032104093581438065,8.202229492305829,0.4643072572663605,0.7289535833382967,0.5966304203023286,1
10,371,612,90,0.033897869288921356,7.678419968496306,0.5030928931380193,0.6773926566927496,0.5902427749153845,1
10,372,612,90,0.03238586336374283,7.154610444686782,0.4703997805012984,0.6258317300472024,0.5481157552742504,1
10,373,612,90,0.033694278448820114,6.630800920877259,0.498690781905255,0.5742708034016553,0.5364807926534552,1
10,374,612,90,0.034110695123672485,6.106991397067733,0.5076946866043387,0.5227098767561079,0.5152022816802233,1
10,375,612,90,0.032640550285577774,5.630800920877257,0.47590670880362396,0.4758363070783377,0.4758715079409808,1
10,376,612,91,0.032571688294410706,4.295771234702533,0.4744177511242101,0.3444233323430523,0.4094205417336312,1
10,377,612,91,0.032141976058483124,3.8995112888242662,0.465126365226434,0.3054176841574201,0.38527202469192706,1
10,378,612,91,0.033544816076755524,3.630800920877257,0.4954590550426224,0.278967314431703,0.3872131847371627,1
10,379,612,89,0.03290576487779617,5.345086635162971,0.48164127001923185,0.4477121652716756,0.4646767176454537,1
10,380,612,89,0.03133217617869377,5.059372349448686,0.4476165934442697,0.4195880234650135,0.4336023084546416,1
10,381,612,89,0.0313042551279068,4.7736580637344,0.4470128748720648,0.3914638816583514,0.4192383782652081,1
10,382,612,89,0.03180304542183876,4.678419968496304,0.45779789032079415,0.38208916772279733,0.41994352902179577,1
10,383,612,89,0.029389331117272377,4.5831818732582095,0.40560772868320943,0.3727144537872433,0.38916109123522635,1
10,384,612,89,0.030046669766306877,4.487943778020115,0.41982093124775455,0.3633397398516893,0.39158033554972194,1
10,385,612,89,0.030723819509148598,4.392705682782019,0.434462496102758,0.3539650259161352,0.3942137610094466,1
10,386,612,89,0.03164735063910484,4.297467587543924,0.4544314041291023,0.3445903119805812,0.39951085805484177,1
10,387,612,89,0.031117556616663933,4.202229492305828,0.4429760153892222,0.33521559804502715,0.3890958067171247,1
10,388,612,89,0.03221898153424263,4.106991397067733,0.4667914041331781,0.32584088410947315,0.39631614412132565,1
10,389,612,89,0.030403267592191696,4.011753301829638,0.42753141220125057,0.31646617017391915,0.37199879118758483,1
10,390,612,87,0.0314895398914814,5.868896158972495,0.451019165816128,0.4992730919172228,0.4751461288666754,1
10,391,612,87,0.03177772834897041,5.726039016115353,0.4572504758555901,0.4852110210138918,0.47123074843474094,1
10,392,612,87,0.031780894845724106,5.5831818732582095,0.45731894293849523,0.4711489501105607,0.464233946524528,1
10,393,612,87,0.03170358017086983,5.440324730401066,0.4556472184224793,0.4570868792072296,0.45636704881485446,1
10,394,612,87,0.03307072073221207,5.297467587543924,0.48520800229104394,0.4430248083038986,0.4641164052974713,1
10,395,612,87,0.031567804515361786,5.154610444686781,0.4527114304570155,0.4289627374005675,0.4408370839287915,1
10,396,612,87,0.03139791637659073,5.011753301829638,0.44903805063489,0.4149006664972365,0.4319693585660632,1
10,397,612,87,0.03231235221028328,4.821277111353448,0.4688102970342779,0.3961512386261284,0.43248076783020317,1
10,398,612,87,0.03530270233750343,4.630800920877257,0.5334686769416832,0.37740181075502033,0.45543524384835177,1
10,399,612,87,0.03229548782110214,4.440324730401066,0.46844564940567596,0.3586523828839122,0.4135490161447941,1
10,400,612,87,0.031170133501291275,4.345086635162971,0.4441128508887303,0.3492776689483582,0.39669525991854426,1
10,401,612,87,0.03232764080166817,4.249848539924876,0.46914087222044587,0.3399029550128042,0.40452191361662504,1
10,402,612,87,0.032446786761283875,4.154610444686781,0.4717170871763936,0.33052824107725015,0.40112266412682185,1
10,403,612,87,0.029469219967722893,4.059372349448686,0.40733511291015184,0.32115352714169615,0.364244320025924,1
10,404,612,87,0.02978007309138775,3.9641342542105904,0.41405648616419627,0.31177881320614215,0.3629176496851692,1
10,405,612,78,0.03032490611076355,12.440324730401068,0.4258370532731212,1.1461283534704514,0.7859827033717863,1
10,406,612,78,0.030200790613889694,11.916515206591544,0.42315338527176705,1.0945674268249044,0.7588604060483357,1
10,407,612,78,0.031963132321834564,11.39270568278202,0.4612593443839509,1.0430065001793571,0.752132922281654,1
10,408,612,78,0.032516248524188995,10.868896158972497,0.47321901332680477,0.9914455735338099,0.7323322934303074,1
10,409,612,78,0.03518266603350639,10.345086635162973,0.5308732106530127,0.9398846468882627,0.7353789287706377,1
10,410,612,78,0.03448095917701721,9.82127711135345,0.5157006634327025,0.8883237202427156,0.702012191837709,1
10,411,612,78,0.035317547619342804,9.39270568278202,0.5337896667362444,0.8461375075327223,0.6899635871344834,1
10,412,612,76,0.03405986726284027,10.868896158972497,0.506595669099447,0.9914455735338099,0.7490206213166284,1
10,413,612,75,0.034701667726039886,11.297467587543926,0.5204728996607011,1.0336317862438031,0.7770523429522521,1
10,414,612,75,0.034568194299936295,10.726039016115354,0.5175868912919848,0.9773835026304789,0.7474851969612318,1
10,415,612,75,0.033843595534563065,10.154610444686782,0.5019193673370249,0.9211352190171546,0.7115272931770897,1
10,416,612,75,0.033993784338235855,9.58318187325821,0.5051668013539711,0.8648869354038303,0.6850268683789007,1
10,417,612,75,0.03296427056193352,9.01175330182964,0.4829063000627912,0.8086386517905062,0.6457724759266488,1
10,418,612,75,0.03311755880713463,8.440324730401068,0.4862207512714751,0.7523903681771819,0.6193055597243284,1
10,419,612,75,0.03222397714853287,7.868896158972497,0.46689942102514964,0.6961420845638577,0.5815207527945037,1
10,420,612,75,0.029312169179320335,7.297467587543925,0.4039393066970748,0.6398938009505334,0.5219165538238041,1
10,421,612,75,0.029856158420443535,6.726039016115354,0.4157016293421432,0.5836455173372093,0.4996735733396762,1
10,422,612,73,0.03150841221213341,8.059372349448687,0.45142722963024273,0.7148915124349657,0.5831593710326042,1
10,423,612,73,0.03206635266542435,7.392705682782021,0.46349121018764033,0.6492685148860875,0.5563798625368639,1
10,424,612,73,0.03325425833463669,6.726039016115354,0.4891765155152453,0.5836455173372093,0.5364110164262272,1
10,425,612,73,0.03211165592074394,6.059372349448686,0.46447077277023985,0.5180225197883309,0.4912466462792854,1
10,426,612,73,0.03169087693095207,5.821277111353448,0.45537254459576565,0.4945857349494458,0.47497913977260575,1
10,427,612,73,0.03267418220639229,5.5831818732582095,0.47663390977358605,0.4711489501105607,0.47389142994207334,1
10,428,612,73,0.034328050911426544,5.345086635162971,0.5123944282739672,0.4477121652716756,0.4800532967728214,1
10,429,612,70,0.03220229223370552,7.964134254210592,0.4664305423315133,0.7055167984994117,0.5859736704154626,1
10,430,612,69,0.0327795036137104,8.535562825639163,0.4789112055005208,0.7617650821127359,0.6203381438066283,1
10,431,612,69,0.0335991270840168,8.106991397067734,0.49663338633870974,0.7195788694027427,0.6081061278707263,1
10,432,612,69,0.03102206252515316,7.678419968496306,0.44091120926782135,0.6773926566927496,0.5591519329802854,1
10,433,612,69,0.032425425946712494,7.345086635162973,0.47125521629006634,0.6445811579183105,0.5579181871041884,1
10,434,612,69,0.03227249160408974,7.059372349448687,0.46794841728476594,0.6164570161116484,0.5422027166982072,1
10,435,612,69,0.030502304434776306,6.773658063734401,0.4296728209059959,0.5883328743049863,0.5090028476054911,1
10,436,612,69,0.03129913657903671,6.4879437780201155,0.4469021998462864,0.5602087324983241,0.5035554661723053,1
10,437,612,69,0.031633034348487854,6.202229492305827,0.4541218523648617,0.5320845906916618,0.49310322152826175,1
10,438,612,69,0.03113510087132454,5.9165152065915425,0.4433553633032714,0.5039604488849998,0.4736579060941356,1
10,439,612,69,0.032139211893081665,5.630800920877256,0.4650665974905333,0.47583630707833763,0.47045145228443547,1
10,440,612,69,0.03232380375266075,5.3450866351629704,0.4690579062258667,0.4477121652716755,0.4583850357487711,1
10,441,612,69,0.032160963863134384,5.059372349448685,0.4655369260753371,0.4195880234650134,0.44256247477017524,1
10,442,612,69,0.03118632547557354,4.773658063734399,0.4444629593309036,0.39146388165835133,0.4179634204946274,1
10,443,612,69,0.03174347057938576,4.583181873258209,0.45650974256806565,0.3727144537872432,0.41461209817765443,1
10,444,612,69,0.03181229904294014,4.392705682782018,0.4579979753018958,0.35396502591613516,0.4059815006090155,1
10,445,612,66,0.032787058502435684,7.059372349448687,0.47907455990538156,0.6164570161116484,0.5477657880085149,1
10,446,612,64,0.032192762941122055,8.630800920877258,0.46622449668672344,0.7711397960482899,0.6186821463675066,1
10,447,612,64,0.03258547559380531,8.202229492305829,0.47471586485813005,0.7289535833382967,0.6018347240982134,1
10,448,612,64,0.030164865776896477,7.773658063734401,0.4223766060788307,0.6867673706283036,0.5545719883535671,1
10,449,612,64,0.030919283628463745,7.345086635162973,0.4386888885809839,0.6445811579183105,0.5416350232496472,1
10,450,612,64,0.02835894003510475,7.059372349448687,0.3833282579825894,0.6164570161116484,0.4998926370471189,1
10,451,612,64,0.03140844404697418,6.8212771113534485,0.4492656835481723,0.5930202312727633,0.5211429574104678,1
10,452,612,64,0.02990392968058586,6.58318187325821,0.4167345559746541,0.5695834464338781,0.49315900120426615,1
10,453,612,64,0.03038446046411991,6.345086635162973,0.4271247580035486,0.5461466615949931,0.48663570979927084,1
10,454,612,64,0.030194347724318504,6.106991397067735,0.42301407489543236,0.522709876756108,0.47286197582577016,1
10,455,612,64,0.030006827786564827,5.868896158972496,0.41895945424578906,0.49927309191722286,0.45911627308150593,1
10,456,612,64,0.029057035222649574,5.630800920877258,0.39842271245363314,0.4758363070783378,0.43712950976598547,1
10,457,612,62,0.030978720635175705,7.297467587543925,0.43997405600186834,0.6398938009505334,0.5399339284762008,1
10,458,612,62,0.030149267986416817,6.964134254210592,0.4220393452833909,0.6070823021760944,0.5145608237297427,1
10,459,612,60,0.02942253090441227,8.535562825639163,0.40632558591009266,0.7617650821127359,0.5840453340114142,1
10,460,612,60,0.029907627031207085,8.106991397067734,0.41681450136263454,0.7195788694027427,0.5681966853826886,1
10,461,612,60,0.029055936262011528,7.678419968496306,0.3983989503483896,0.6773926566927496,0.5378958035205696,1
10,462,612,60,0.02892792969942093,7.249848539924877,0.39563114838457136,0.6352064439827564,0.5154187961836638,1
10,463,612,60,0.027646677568554878,6.8212771113534485,0.36792747372767703,0.5930202312727633,0.4804738525002201,1
10,464,612,60,0.029184240847826004,6.392705682782021,0.40117319627295184,0.5508340185627701,0.47600360741786096,1
10,465,612,58,0.02886996418237686,7.868896158972497,0.39437779801986056,0.6961420845638577,0.5452599412918592,1
10,466,612,58,0.029125060886144638,7.4879437780201155,0.39989358676820913,0.6586432288216415,0.5292684077949253,1
10,467,612,58,0.02982090227305889,7.20222949230583,0.4149393087861263,0.6305190870149794,0.5227291979005528,1
10,468,612,58,0.029912268742918968,6.916515206591544,0.4169148660512226,0.6023949452083174,0.50965490562977,1
10,469,612,58,0.03234666958451271,6.630800920877259,0.4695523191139512,0.5742708034016553,0.5219115612578032,1
10,470,612,58,0.03144364431500435,6.345086635162973,0.45002679586154976,0.5461466615949931,0.4980867287282714,1
10,471,612,58,0.031100347638130188,6.059372349448687,0.44260391693101003,0.5180225197883309,0.48031321835967045,1
10,472,612,58,0.030006544664502144,5.7736580637344,0.41895333248308225,0.4898983779816688,0.45442585523237555,1
10,473,612,58,0.030729614198207855,5.487943778020115,0.43458779086447447,0.4617742361750067,0.4481810135197406,1
10,474,612,58,0.02980217896401882,5.202229492305829,0.41453446695238355,0.4336500943683446,0.4240922806603641,1
10,475,612,58,0.033626582473516464,4.916515206591543,0.49722703622225206,0.4055259525616825,0.45137649439196725,1
10,476,612,58,0.031026054173707962,4.630800920877258,0.44099751806703646,0.3774018107550204,0.4091996644110284,1
10,477,612,58,0.031096888706088066,4.345086635162972,0.4425291267116248,0.3492776689483583,0.39590339782999157,1
10,478,612,58,0.03148666024208069,4.1546104446867815,0.45095690104543895,0.3305282410772502,0.3907425710613446,1
10,479,612,56,0.02891102060675621,5.868896158972496,0.39526553416185783,0.49927309191722286,0.4472693130395403,1
10,480,612,54,0.028362974524497986,7.58318187325821,0.3834154931011615,0.6680179427571955,0.5257167179291785,1
10,481,612,54,0.02854052558541298,7.297467587543925,0.3872545632639175,0.6398938009505334,0.5135741821072255,1
10,482,612,54,0.028984129428863525,7.011753301829639,0.39684631828187394,0.6117696591438714,0.5043079887128726,1
10,483,612,54,0.028765231370925903,6.726039016115354,0.3921132291153952,0.5836455173372093,0.48787937322630226,1
10,484,612,54,0.027662312611937523,6.440324730401068,0.36826554001820994,0.5555213755305471,0.4618934577743785,1
10,485,612,53,0.02740367501974106,7.106991397067735,0.3626731889612715,0.6211443730794254,0.4919087810203484,1
10,486,612,53,0.027378598228096962,6.868896158972497,0.36213096993941735,0.5977075882405404,0.4799192790899789,1
10,487,612,53,0.028192956000566483,6.630800920877259,0.3797392940462105,0.5742708034016553,0.4770050487239329,1
10,488,612,53,0.02680785208940506,6.392705682782021,0.3497901004438003,0.5508340185627701,0.45031205950328523,1
10,489,612,53,0.027146754786372185,6.154610444686782,0.35711797122812045,0.527397233723885,0.44225760247600276,1
10,490,612,53,0.026862962171435356,5.916515206591543,0.35098170960963254,0.5039604488849999,0.4274710792473162,1
10,491,612,53,0.028479546308517456,5.678419968496305,0.38593604834618284,0.4805236640461148,0.43322985619614884,1
10,492,612,50,0.028570691123604774,8.297467587543926,0.38790681291547574,0.7383282972738509,0.5631175550946633,1
10,493,612,50,0.026858536526560783,7.916515206591544,0.35088601679258397,0.7008294415316347,0.5258577291621094,1
10,494,612,50,0.02683296427130699,7.535562825639163,0.35033308468599283,0.6633305857894185,0.5068318352377057,1
10,495,612,50,0.026357438415288925,7.154610444686782,0.34005110092284313,0.6258317300472024,0.4829414154850228,1
10,496,612,50,0.025171585381031036,6.773658063734401,0.31441017837486257,0.5883328743049863,0.4513715263399244,1
10,497,612,49,0.026028623804450035,7.345086635162973,0.3329413582097079,0.6445811579183105,0.48876125806400916,1
10,498,612,49,0.025810889899730682,6.916515206591544,0.3282334407648855,0.6023949452083174,0.4653141929866014,1
10,499,612,49,0.025752797722816467,6.4879437780201155,0.32697735171685843,0.5602087324983241,0.4435930421075913,1
10,500,612,49,0.02540246583521366,6.154610444686782,0.3194023550380053,0.527397233723885,0.42339979438094516,1
10,501,612,49,0.024870142340660095,5.916515206591543,0.3078922731813104,0.5039604488849999,0.40592636103315516,1
10,502,612,49,0.024946952238678932,5.678419968496305,0.3095530832388162,0.4805236640461148,0.3950383736424655,1
10,503,612,49,0.024845005944371223,5.440324730401067,0.3073487653673074,0.4570868792072297,0.3822178222872685,1
10,504,612,45,0.026694469153881073,9.01175330182964,0.34733849557873997,0.8086386517905062,0.5779885736846231,1
10,505,612,45,0.025046775117516518,8.58318187325821,0.3117114878900239,0.7664524390805129,0.5390819634852684,1
10,506,612,45,0.026173215359449387,8.202229492305829,0.3360677665889305,0.7289535833382967,0.5325106749636136,1
10,507,612,45,0.02540558949112892,7.8212771113534485,0.3194698958015535,0.6914547275960806,0.5054623116988171,1
10,508,612,45,0.0254740621894598,7.440324730401068,0.3209504360572455,0.6539558718538645,0.487453153955555,1
10,509,612,45,0.025594208389520645,7.059372349448687,0.32354827855644036,0.6164570161116484,0.4700026473340444,1
10,510,612,45,0.02597968466579914,6.678419968496306,0.3318831793060314,0.5789581603694323,0.45542066983773183,1
10,511,612,45,0.0264262855052948,6.297467587543925,0.3415397364042198,0.541459304627216,0.44149952051571795,1
10,512,612,45,0.026669591665267944,5.916515206591543,0.34680058595563334,0.5039604488849999,0.42538051742031663,1
10,513,612,45,0.02803466096520424,5.678419968496305,0.37631658429702713,0.4805236640461148,0.42842012417157094,1
10,514,612,45,0.027537385001778603,5.440324730401067,0.3655643122238283,0.4570868792072297,0.41132559571552896,1
10,515,612,45,0.025707965716719627,5.202229492305829,0.3260079786471854,0.4336500943683446,0.379829036507765,1
10,516,612,45,0.025301193818449974,4.964134254210591,0.31721261662767986,0.4102133095294595,0.3637129630785697,1
10,517,612,45,0.02549763396382332,4.726039016115353,0.3214601130773424,0.3867765246905744,0.3541183188839584,1
10,518,612,45,0.026131106540560722,4.535562825639163,0.3351572752105559,0.3680270968194664,0.35159218601501113,1
10,519,612,45,0.02551204524934292,4.345086635162972,0.3217717188540702,0.3492776689483583,0.33552469390121425,1
10,520,612,45,0.02658303640782833,4.1546104446867815,0.34492905838179827,0.3305282410772502,0.3377286497295242,1
10,521,612,45,0.026286907494068146,3.964134254210591,0.3385260570632628,0.31177881320614215,0.3251524351347025,1
10,522,612,45,0.026161953806877136,3.7736580637344006,0.3358242654223161,0.29302938533503414,0.3144268253786751,1
10,523,612,42,0.027971936389803886,6.440324730401068,0.3749603319341853,0.5555213755305471,0.46524085373236623,1
10,524,612,42,0.028258683159947395,6.106991397067735,0.38116046931354824,0.522709876756108,0.4519351730348281,1
10,525,612,42,0.028658289462327957,5.964134254210591,0.3898008943519149,0.5086478058527769,0.4492243501023459,1
10,526,612,41,0.028954187408089638,6.773658063734401,0.39619890160087373,0.5883328743049863,0.49226588795293,1
10,527,612,40,0.02731446363031864,7.535562825639163,0.3607442295873054,0.6633305857894185,0.5120374076883619,1
10,528,612,40,0.029698461294174194,7.297467587543925,0.4122918477892025,0.6398938009505334,0.5260928243698679,1
10,529,612,40,0.032464779913425446,7.059372349448687,0.47210614130631345,0.6164570161116484,0.544281578708981,1
10,530,612,40,0.03045285865664482,6.8212771113534485,0.42860368726905457,0.5930202312727633,0.5108119592709089,1
10,531,612,40,0.027970800176262856,6.58318187325821,0.37493576433384873,0.5695834464338781,0.47225960538386347,1
10,532,612,38,0.02900686487555504,8.249848539924878,0.39733791193713297,0.7336409403060739,0.5654894261216035,1
10,533,612,38,0.0274326391518116,7.916515206591544,0.36329946139608044,0.7008294415316347,0.5320644514638576,1
10,534,612,38,0.02670077420771122,7.58318187325821,0.3474748256232305,0.6680179427571955,0.507746384190213,1
10,535,612,38,0.028587311506271362,7.249848539924877,0.3882661845512185,0.6352064439827564,0.5117363142669874,1
10,536,612,36,0.027626773342490196,8.82127711135345,0.3674970976994862,0.7898892239193982,0.5786931608094422,1
10,537,612,36,0.0254526324570179,8.39270568278202,0.32048707500499624,0.7477030112094049,0.5340950431072006,1
10,538,612,36,0.027215246111154556,7.964134254210592,0.358598914231359,0.7055167984994117,0.5320578563653854,1
10,539,612,36,0.02603882923722267,7.535562825639163,0.33316202359043573,0.6633305857894185,0.49824630468992714,1
10,540,612,36,0.02600180171430111,7.106991397067735,0.3323614017427466,0.6211443730794254,0.476752887411086,1
10,541,612,36,0.02738153748214245,6.678419968496306,0.3621945235022552,0.5789581603694323,0.47057634193584374,1
10,542,612,34,0.02793087437748909,8.154610444686782,0.374072474967924,0.7242662263705197,0.5491693506692219,1
10,543,612,34,0.02646591141819954,7.630800920877259,0.3423965415346459,0.6727052997249726,0.5075509206298092,1
10,544,612,34,0.028197258710861206,7.249848539924877,0.37983232872945216,0.6352064439827564,0.5075193863561043,1
10,545,612,34,0.025921571999788284,6.868896158972497,0.3306266472357032,0.5977075882405404,0.4641671177381218,1
10,546,612,33,0.02643558196723461,7.440324730401068,0.34174074770467844,0.6539558718538645,0.49784830977927147,1
10,547,612,32,0.0270702987909317,8.01175330182964,0.35546481337399816,0.7102041554671887,0.5328344844205934,1
10,548,612,32,0.02673972025513649,7.630800920877259,0.3483169304682093,0.6727052997249726,0.510511115096591,1
10,549,612,32,0.027622820809483528,7.249848539924877,0.36741163467011867,0.6352064439827564,0.5013090393264376,1
10,550,612,32,0.027462294325232506,6.868896158972497,0.36394067576486455,0.5977075882405404,0.48082413200270246,1
10,551,612,32,0.028413651511073112,6.4879437780201155,0.38451124835092654,0.5602087324983241,0.47235999042462534,1
10,552,612,32,0.027532728388905525,6.106991397067733,0.36546362533720306,0.5227098767561079,0.4440867510466555,1
10,553,612,32,0.028332598507404327,5.821277111353448,0.3827586924023278,0.4945857349494458,0.4386722136758868,1
10,554,612,32,0.029079589992761612,5.535562825639162,0.39891039945769113,0.4664615931427837,0.4326859963002374,1
10,555,612,32,0.028405463322997093,5.249848539924876,0.38433420052948475,0.4383374513361216,0.41133582593280316,1
10,556,612,32,0.02743500843644142,4.96413425421059,0.36335069088399535,0.4102133095294594,0.38678200020672737,1
10,557,612,32,0.02785019762814045,4.7736580637344,0.37232805451976464,0.3914638816583514,0.381895968089058,1
10,558,612,32,0.02870679832994938,4.5831818732582095,0.3908497697872672,0.3727144537872433,0.3817821117872553,1
10,559,612,32,0.02792949788272381,4.392705682782019,0.3740427119242376,0.3539650259161352,0.36400386892018644,1
10,560,612,32,0.026613524183630943,4.202229492305828,0.34558827556591093,0.33521559804502715,0.34040193680546904,1
10,561,612,29,0.0268621277064085,6.868896158972497,0.3509636665195493,0.5977075882405404,0.47433562738004487,1
10,562,612,29,0.02826780453324318,6.53556282563916,0.38135769478706977,0.5648960894661009,0.4731268921265853,1
10,563,612,29,0.026195555925369263,6.297467587543925,0.33655082199620373,0.541459304627216,0.43900506331170985,1
10,564,612,29,0.02892226167023182,6.059372349448686,0.39550859230617114,0.5180225197883309,0.456765556047251,1
10,565,612,29,0.029038799926638603,5.821277111353448,0.3980284226056088,0.4945857349494458,0.4463070787775273,1
10,566,612,29,0.031929533928632736,5.5831818732582095,0.4605328683595725,0.4711489501105607,0.4658409092350666,1
10,567,612,29,0.029109207913279533,5.392705682782019,0.39955080833138223,0.4523995222394526,0.42597516528541746,1
10,568,612,29,0.028277162462472916,5.249848539924876,0.3815600351544318,0.4383374513361216,0.40994874324527675,1
10,569,612,25,0.0278666689991951,8.916515206591544,0.37268420417513537,0.7992639378549522,0.5859740710150438,1
10,570,612,25,0.03168102726340294,8.58318187325821,0.45515957169317595,0.7664524390805129,0.6108060053868444,1
10,571,612,25,0.027948880568146706,8.249848539924878,0.37446181102112647,0.7336409403060739,0.5540513756636002,1
10,572,612,25,0.030474232509732246,7.916515206591544,0.4290658400786644,0.7008294415316347,0.5649476408051496,1
10,573,612,23,0.028793171048164368,9.487943778020115,0.3927173504351466,0.8555122214682763,0.6241147859517114,1
10,574,612,23,0.02951461263000965,9.059372349448687,0.4083166086809746,0.8133260087582832,0.6108213087196289,1
10,575,612,23,0.029230913147330284,8.630800920877258,0.4021823608002192,0.7711397960482899,0.5866610784242545,1
10,576,612,23,0.026269719004631042,8.202229492305829,0.3381544016273518,0.7289535833382967,0.5335539924828243,1
10,577,612,23,0.025540798902511597,7.773658063734401,0.32239344024160366,0.6867673706283036,0.5045804054349536,1
10,578,612,23,0.02807546593248844,7.345086635162973,0.3771988833471467,0.6445811579183105,0.5108900206327286,1
10,579,612,23,0.028688441962003708,6.916515206591544,0.39045286208019053,0.6023949452083174,0.4964239036442539,1
10,580,612,23,0.026800621300935745,6.4879437780201155,0.3496337538462487,0.5602087324983241,0.45492124317228644,1
10,581,612,21,0.025698021054267883,7.964134254210592,0.32579295173210854,0.7055167984994117,0.5156548751157601,1
10,582,612,20,0.026941608637571335,8.535562825639163,0.35268223057522335,0.7617650821127359,0.5572236563439796,1
10,583,612,20,0.02839985117316246,8.106991397067734,0.384212852693724,0.7195788694027427,0.5518958610482334,1
10,584,612,20,0.02872910350561142,7.678419968496306,0.39133205997420206,0.6773926566927496,0.5343623583334758,1
10,585,612,20,0.028887247666716576,7.249848539924877,0.39475150746825877,0.6352064439827564,0.5149789757255075,1
10,586,612,20,0.03009185753762722,6.8212771113534485,0.42079799679556573,0.5930202312727633,0.5069091140341645,1
10,587,612,20,0.02903142385184765,6.392705682782021,0.3978689345771944,0.5508340185627701,0.4743514765699823,1
10,588,612,20,0.029241647571325302,5.964134254210591,0.40241446421126764,0.5086478058527769,0.45553113503202225,1
10,589,612,20,0.028879083693027496,5.535562825639163,0.3945749832186274,0.4664615931427838,0.4305182881807056,1
10,590,612,20,0.029927896335721016,5.297467587543925,0.4172527712427368,0.4430248083038987,0.43013878977331776,1
10,591,612,20,0.027493830770254135,5.059372349448687,0.3646225676358452,0.4195880234650136,0.3921052955504294,1
10,592,612,16,0.029622768983244896,8.630800920877258,0.4106552025844868,0.7711397960482899,0.5908974993163884,1
10,593,612,16,0.02984301932156086,8.202229492305829,0.4154175312228415,0.7289535833382967,0.5721855572805691,1
10,594,612,16,0.030133547261357307,7.868896158972497,0.4216994263541441,0.6961420845638577,0.5589207554590009,1
10,595,612,16,0.030661040917038918,7.535562825639163,0.43310507577203133,0.6633305857894185,0.548217830780725,1
10,596,612,16,0.030033718794584274,7.20222949230583,0.41954090087867246,0.6305190870149794,0.5250299939468259,1
10,597,612,16,0.02765919640660286,6.868896158972497,0.3681981603536803,0.5977075882405404,0.4829528742971103,1
10,598,612,16,0.028317507356405258,6.535562825639163,0.38243238634015275,0.5648960894661011,0.47366423790312695,1
10,599,612,16,0.02908560074865818,6.202229492305827,0.39904036609094695,0.5320845906916618,0.4655624783913044,1
10,600,612,16,0.028947021812200546,5.868896158972495,0.39604396461973485,0.4992730919172228,0.44765852826847885,1
10,601,612,16,0.029468998312950134,5.535562825639162,0.4073303202143485,0.4664615931427837,0.43689595667856607,1
10,602,612,16,0.02858204022049904,5.297467587543924,0.38815220699555875,0.4430248083038986,0.41558850764972866,1
10,603,612,16,0.030333513393998146,5.106991397067733,0.4260231629143593,0.4242753804327905,0.4251492716735749,1
10,604,612,16,0.0288131982088089,4.9165152065915425,0.39315038459714435,0.4055259525616824,0.3993381685794134,1
10,605,612,16,0.03043297305703163,4.726039016115353,0.4281737139884102,0.3867765246905744,0.4074751193394923,1
10,606,612,16,0.030389215797185898,4.535562825639162,0.42722757945217027,0.3680270968194663,0.3976273381358183,1
10,607,612,16,0.029689230024814606,4.345086635162971,0.41209224610515666,0.3492776689483582,0.38068495752675746,1
10,608,612,16,0.02874503843486309,4.154610444686781,0.39167661050023356,0.33052824107725015,0.36110242578874185,1
10,609,612,16,0.029200052842497826,3.9641342542105904,0.4015150886651765,0.31177881320614215,0.35664695093565935,1
10,610,612,16,0.02860705740749836,3.7736580637343997,0.3886931372252641,0.29302938533503403,0.34086126128014904,1
10,611,612,16,0.029155083000659943,3.5831818732582095,0.4005427352636593,0.27427995746392597,0.33741134636379266,1
11,35,590,11,0.027696775272488594,1.328325053515891,0.36901070352874593,0.05232426213139363,0.21066748283006978,0
11,36,590,11,0.02699572965502739,0.7551597398925649,0.3538524538463364,0.0,0.1769262269231682,0
11,37,590,11,0.026115959510207176,0.6037804434751004,0.33482976090574135,0.0,0.16741488045287067,0
11,38,590,12,0.0281220655888319,0.9457167090754863,0.37820647715898265,0.014662402457304062,0.19643443980814335,0
11,39,590,12,0.028468938544392586,0.7144068823458127,0.38570668361845056,0.0,0.19285334180922528,0
11,40,590,13,0.028202395886182785,1.2263419362655994,0.37994340650277714,0.04228560535137935,0.21111450592707826,0
11,41,590,13,0.028490260243415833,0.8878791550547266,0.3861677087349301,0.008969191958697918,0.19756845034681403,0
11,42,590,13,0.02861962281167507,0.6786623046165022,0.3889648307201336,0.0,0.1944824153600668,0
11,43,590,13,0.028038566932082176,0.6037804434750991,0.37640104045752837,0.0,0.18820052022876418,0
11,44,590,16,0.028219355270266533,2.5596752695989333,0.38031010814386623,0.1735316004491359,0.27692085429650104,0
11,45,590,16,0.02913760207593441,2.0681772284825723,0.4001647566912682,0.12515123832794978,0.262657997509609,0
11,46,590,16,0.02793450467288494,1.6566097176784205,0.37415097046473705,0.0846387976989016,0.22939488408181932,0
11,47,590,16,0.02680903859436512,1.27735368956743,0.3498157554625124,0.04730692159421437,0.19856133852836338,0
11,48,590,16,0.028736962005496025,0.9780281917686499,0.39150197916407076,0.017842966981665202,0.20467247307286798,0
11,49,590,16,0.029009366407990456,0.7161032351872039,0.397392000932628,0.0,0.198696000466314,0
11,50,590,16,0.030802549794316292,0.5918655842319958,0.43616482943230805,0.0,0.21808241471615403,0
11,51,590,16,0.029687322676181793,0.6291853467425975,0.412051004756395,0.0,0.2060255023781975,0
11,52,590,16,0.028058798983693123,0.8688961589724952,0.37683850484253767,0.007100610300635962,0.19196955757158682,0
11,53,590,16,0.029113221913576126,1.1546104446867809,0.3996376004276532,0.035224752107298064,0.21743117626747563,0
11,54,590,16,0.029611710458993912,1.4403247304010667,0.41041609136612917,0.06334889391396017,0.23688249264004468,0
11,55,590,16,0.029919881373643875,1.7260390161153523,0.4170794689734775,0.09147303572062228,0.25427625234704987,0
11,56,590,17,0.029384175315499306,1.1052950442263414,0.405496248162338,0.030370415501992012,0.21793333183216498,0
11,57,590,18,0.029463596642017365,0.7618239831980276,0.4072135234258632,0.0,0.2036067617129316,0
11,58,590,18,0.028664041310548782,0.8927258774587024,0.38992526279427436,0.009446276637352211,0.19968576971581328,0
11,59,590,20,0.02991500310599804,1.161638192172543,0.4169739893910489,0.035916524891346516,0.2264452571411977,0
11,60,590,20,0.030540907755494118,0.9490286360515376,0.4305075151961191,0.014988410321051282,0.2227479627585852,0
11,61,590,20,0.029390664771199226,0.848661092935903,0.4056365654075389,0.0051087817672549425,0.20537267358739691,0
11,62,590,20,0.029875008389353752,0.812916515206591,0.41610920985920213,0.0015902822621804544,0.2088497460606913,0
11,63,590,20,0.030454101040959358,0.8451876085463871,0.4286305505304062,0.004766871080886041,0.21669871080564612,0
11,64,590,21,0.02903413586318493,0.816309220889374,0.3979275746199649,0.0019242415372384494,0.1999259080786017,0
11,65,590,21,0.030246220529079437,0.7091562664081762,0.42413568653768274,0.0,0.21206784326884137,0
11,66,590,21,0.028381843119859695,0.6717153358374739,0.3838234763657669,0.0,0.19191173818288346,0
11,67,590,23,0.026737213134765625,1.3691990791227429,0.34826272064845026,0.05634767625471046,0.20230519845158035,0
11,68,590,23,0.027673011645674706,1.073266287006745,0.3684968782089201,0.027217680917219236,0.19785727956306964,0
11,69,590,23,0.02736045978963375,0.8419564602770715,0.3617387743786347,0.004448814628450002,0.18309379450354235,0
11,70,590,23,0.02766074426472187,0.6786623046165029,0.36823162867479453,0.0,0.18411581433739727,0
11,71,590,25,0.02756732888519764,1.9406276505513145,0.36621176917958315,0.1125959598680347,0.2394038645238089,0
11,72,590,25,0.028331557288765907,1.5443677046730486,0.3827361788144784,0.0735903116824026,0.2281632452484405,0
11,73,590,25,0.028838979080319405,1.1838119471707265,0.39370782747625627,0.03809918729618935,0.2159035073862228,0
11,74,590,25,0.029203426092863083,0.8963609192616822,0.4015880262458478,0.009804090146342731,0.20569605819609527,0
11,75,590,25,0.029774218797683716,0.7058443394321262,0.413929902610331,0.0,0.2069649513051655,0
11,76,590,25,0.03003213368356228,0.6190476190476204,0.4195066270624652,0.0,0.2097533135312326,0
11,77,590,25,0.02831249125301838,0.7057231713720271,0.3823239264258801,0.0,0.19116196321294004,0
11,78,590,27,0.029404498636722565,1.0273435922290879,0.40593568601032515,0.022697303586971113,0.21431649479864812,0
11,79,590,27,0.02803974784910679,0.705884728785493,0.37642657465197654,0.0,0.18821328732598827,0
11,80,590,27,0.028196193277835846,0.5765984086594778,0.3798092915697923,0.0,0.18990464578489616,0
11,81,590,29,0.02756691910326481,1.7977705076941715,0.36620290873356015,0.09853388896470362,0.23236839884913188,0
11,82,590,29,0.029668213799595833,1.4015105618159058,0.4116378260484397,0.059528240779071546,0.2355830334137556,0
11,83,590,29,0.0268410574644804,1.044347509996366,0.3505080784949475,0.024371075667916235,0.18743957708143186,0
11,84,590,29,0.026902686804533005,0.755200129245931,0.35184064930205505,0.0,0.17592032465102753,0
11,85,590,29,0.027939528226852417,0.6207843612423749,0.37425959147802834,0.0,0.18712979573901417,0
11,86,590,29,0.026910386979579926,0.61561452401147,0.35200714513777853,0.0,0.17600357256888927,0
11,87,590,29,0.027832329273223877,0.7362979118704313,0.37194169879840633,0.0,0.18597084939920316,0
11,88,590,29,0.028138551861047745,0.942041277919141,0.3785629490123906,0.014300613242658187,0.1964317811275244,0
11,89,590,30,0.027552416548132896,0.584999394159699,0.36588932949385455,0.0,0.18294466474692728,0
11,90,590,30,0.027861924842000008,0.714204935578982,0.3725816243750416,0.0,0.1862908121875208,0
11,91,590,32,0.02749590016901493,1.0307362979118702,0.3646673128882615,0.023031262862029042,0.19384928787514527,0
11,92,590,32,0.02839086949825287,0.7994264711821965,0.3840186478268013,0.00026239657325979697,0.19214052220003053,0
11,93,590,32,0.026906684041023254,0.6412213740458019,0.35192707892553415,0.0,0.17596353946276708,0
11,94,590,32,0.027045533061027527,0.5799507249888931,0.3549293202361706,0.0,0.1774646601180853,0
11,95,590,32,0.027143413200974464,0.6190072296942523,0.3570457183182782,0.0,0.1785228591591391,0
11,96,590,32,0.02816776931285858,0.7788279009653049,0.37919469881383194,0.0,0.18959734940691597,0
11,97,590,32,0.02906937338411808,1.0321903146330622,0.3986894924284354,0.023174388265625262,0.21093194034703033,0
11,98,590,32,0.028156746178865433,1.3450866351629713,0.3789563528158127,0.05397417997840614,0.21646526639710942,0
11,99,590,32,0.027339458465576172,1.5831818732582095,0.36128467651995494,0.07741096481729123,0.21934782066862307,0
11,100,590,32,0.02723586931824684,1.8212771113534476,0.3590448363148448,0.10084774965617632,0.22994629298551056,0
11,101,590,33,0.027622755616903305,1.2005331394644367,0.36741022505370596,0.03974512943754606,0.203577677245626,0
11,102,590,33,0.02925875224173069,1.3280827173956946,0.40278430728321946,0.05230040789746115,0.2275423575903403,0
11,103,590,34,0.02854129485785961,0.8127953471464913,0.387271196737588,0.0015783551452140606,0.194424775941401,0
11,104,590,34,0.02794438786804676,0.8944222303000922,0.37436466831291043,0.009613256274881044,0.19198896229389573,0
11,105,590,35,0.028980761766433716,0.6325780524253798,0.3967735015254666,0.0,0.1983867507627333,0
11,106,590,36,0.02793937548995018,0.8283048588392082,0.37425628894814705,0.003105026116907257,0.18868065753252716,0
11,107,590,36,0.02757670357823372,0.6734924673855959,0.3664144720197371,0.0,0.18320723600986855,0
11,108,590,36,0.02728119306266308,0.6173108768528598,0.36002484191974543,0.0,0.18001242095987272,0
11,109,590,36,0.027165772393345833,0.6818934528858185,0.3575291764730979,0.0,0.17876458823654895,0
11,110,590,36,0.026294352486729622,0.7890060180136522,0.3386870352575992,0.0,0.1693435176287996,0
11,111,590,36,0.026731926947832108,0.9896603255381894,0.3481484208947533,0.018987970210435277,0.1835681955525943,0
11,112,590,38,0.026043090969324112,0.8810129649824299,0.33325417222907516,0.008293321997271228,0.1707737471131732,0
11,113,590,38,0.027387399226427078,0.6633143503372506,0.362321268155139,0.0,0.1811606340775695,0
11,114,590,38,0.027482884004712105,0.5153277596025696,0.36438587290276664,0.0,0.18219293645138332,0
11,115,590,38,0.02588179148733616,0.4659719697887647,0.32976649930064117,0.0,0.16488324965032058,0
11,116,590,38,0.024849167093634605,0.5220323922614004,0.3074387391691957,0.0,0.15371936958459784,0
11,117,590,38,0.02553456835448742,0.7005533341411214,0.3222587211872991,0.0,0.16112936059364955,0
11,118,590,38,0.02651134505867958,0.9641342542105911,0.34337892335007086,0.016475324236190064,0.17992712379313047,0
11,119,590,38,0.026233043521642685,1.2498485399248769,0.33736139170829144,0.04459946604285218,0.19098042887557182,0
11,120,590,40,0.026680560782551765,0.6020840906337073,0.34703776398576774,0.0,0.17351888199288387,0
11,121,590,40,0.027752382680773735,0.4999798053233166,0.37021306605406973,0.0,0.18510653302703486,0
11,122,590,41,0.02640494890511036,0.6990589280665624,0.341078389089703,0.0,0.1705391945448515,0
11,123,590,41,0.02731490693986416,0.5051092532008561,0.3607538149789121,0.0,0.18037690748945606,0
11,124,590,42,0.02787908911705017,0.8623530837271283,0.3729527562391422,0.006456545984452704,0.18970465111179746,0
11,125,590,42,0.027067290619015694,0.5969950321095345,0.3553997696452383,0.0,0.17769988482261914,0
11,126,590,42,0.026716958731412888,0.5118946645664192,0.34782477296638514,0.0,0.17391238648319257,0
11,127,590,42,0.027395084500312805,0.5271618401389385,0.36248744179282527,0.0,0.18124372089641264,0
11,128,590,42,0.027686627581715584,0.6359707581081627,0.3687912866654122,0.0,0.1843956433327061,0
11,129,590,42,0.026609312742948532,0.8094026414637111,0.34549721434564706,0.001244395870156339,0.1733708051079017,0
11,130,590,45,0.027138080447912216,1.8453895553132185,0.356930411695715,0.10322124593248058,0.23007582881409777,0
11,131,590,45,0.02756728045642376,1.4491296094349526,0.3662107220359623,0.06421559774684849,0.21521315989140538,0
11,132,590,45,0.02825235202908516,1.0851811462498484,0.3810235754224926,0.028390514085577332,0.20470704475403498,0
11,133,590,45,0.028423137962818146,0.8538713195201747,0.38471636767635947,0.005621647796808089,0.19516900773658377,0
11,134,590,45,0.03014466166496277,0.6939698695423898,0.4219397458151412,0.0,0.2109698729075706,0
11,135,590,45,0.02807988040149212,0.6394846318510454,0.3772943345156674,0.0,0.1886471672578337,0
11,136,590,45,0.028641147539019585,0.7074599135667851,0.38943024578487007,0.0,0.19471512289243503,0
11,137,590,45,0.028334718197584152,0.8638878791550555,0.38280452507311963,0.006607622799360052,0.19470607393623984,0
11,138,590,45,0.029083287343382835,1.0849388101296502,0.39899034484567153,0.028366659851644677,0.2136785023486581,0
11,139,590,45,0.03062203899025917,1.3655236479663964,0.4322617626844131,0.055985887040064464,0.24412382486223877,0
11,140,590,45,0.027343496680259705,1.6784199684963053,0.36137199218803634,0.08678567875284532,0.22407883547044083,0
11,141,590,48,0.02799096517264843,1.05282927420332,0.3753717788276906,0.025205973855560906,0.20028887634162576,0
11,142,590,48,0.02632198855280876,0.8163899995961069,0.3392845917923426,0.0019321929485493566,0.17060839237044598,0
11,143,590,49,0.027584288269281387,1.2246051940708422,0.36657847082067224,0.042114650008194976,0.2043465604144336,0
11,144,590,49,0.02705574966967106,0.9490690254049018,0.35515022726542633,0.014992386026706507,0.1850713066460664,0
11,145,590,49,0.02961796708405018,0.8180863524374961,0.41055137426699884,0.0020991725860781247,0.20632527342653847,0
11,146,590,50,0.02915850654244423,1.1344561573569196,0.4006167602627062,0.03324087498522776,0.21692881762396699,0
11,147,590,50,0.02804071269929409,0.896320529908316,0.37644743697488525,0.00980011444068731,0.19312377570778627,0
11,148,590,50,0.028581300750374794,0.7874308332323595,0.38813621791796266,0.0,0.19406810895898133,0
11,149,590,50,0.029032157734036446,0.802698008804879,0.3978848028305265,0.0005844287313513328,0.19923461578093893,0
11,150,590,50,0.029693862423300743,0.8825881497637239,0.4121924094199715,0.008448374517834062,0.2103203919689028,0
11,151,590,50,0.02932838164269924,0.967607738600107,0.40428985816154916,0.016817234922558964,0.21055354654205408,0
11,152,590,50,0.029925603419542313,1.0849388101296515,0.41720319301976255,0.02836665985164481,0.2227849264357037,0
11,153,590,50,0.027963697910308838,1.2345813643523589,0.37478219669436796,0.04309664930509172,0.20893942299972984,0
11,154,590,50,0.027206650003790855,1.4165354012682276,0.3584130462386488,0.06100720328289955,0.20971012476077416,0
11,155,590,50,0.028416668996214867,1.6308009208772578,0.3845764934534597,0.08209832178506832,0.233337407619264,0
11,156,590,50,0.029318280518054962,1.8688961589724957,0.4040714481670817,0.10553510662395339,0.25480327739551756,0
11,157,590,50,0.03038296289741993,2.106991397067734,0.42709237710080994,0.1289718914628385,0.2780321342818242,0
11,158,590,50,0.029118703678250313,2.345086635162972,0.3997561290305884,0.15240867630172358,0.27608240266615597,0
11,159,590,53,0.030330855399370193,1.1122016236520043,0.4259656908394736,0.031050261169074122,0.22850797600427386,0
11,160,590,53,0.03036597929894924,1.0917646108485801,0.4267251518879104,0.02903855410741588,0.22788185299766314,0
11,161,590,53,0.029047813266515732,1.13595056343148,0.39822331214336054,0.033387976094479604,0.21580564411892006,0
11,162,590,54,0.02865714207291603,0.9761298921604246,0.3897760851030504,0.017656108815858794,0.20371609695945458,0
11,163,590,56,0.029947208240628242,1.8453895553132185,0.417670339898949,0.10322124593248058,0.2604457929157148,0
11,164,590,56,0.028482764959335327,1.5545458217213932,0.3860056431222182,0.07459218950757616,0.23029891631489718,0
11,165,590,56,0.0298299640417099,1.3283250535158924,0.41513524546749897,0.05232426213139376,0.23372975379944635,0
11,166,590,56,0.029669927433133125,1.1667272506967155,0.4116748788227178,0.03641746380393332,0.22404617131332555,0
11,167,590,58,0.03101613186299801,2.4644371743608375,0.44078297444901543,0.16415688651358182,0.3024699304812986,0
11,168,590,58,0.03006759099662304,2.1157962761016194,0.42027329729198437,0.12983859529572672,0.27505594629385555,0
11,169,590,58,0.030967244878411293,1.8028595662183449,0.43972592323846915,0.09903482787729052,0.26938037555787986,0
11,170,590,58,0.030402693897485733,1.5545458217213932,0.4275190075768183,0.07459218950757616,0.2510555985421972,0
11,171,590,58,0.02902066893875599,1.3708550426107673,0.3976363881438448,0.05651068018658395,0.22707353416521436,0
11,172,590,58,0.029581530019640923,1.2517872288864669,0.4097635195165338,0.044790299914313866,0.22727690971542383,0
11,173,590,58,0.029695216566324234,1.193949674865707,0.41222168916660207,0.039097089415707706,0.2256593892911549,0
11,174,590,58,0.02905334159731865,1.1836907791106281,0.39834284761516203,0.0380872601792231,0.21821505389719256,0
11,175,590,60,0.0287941824644804,1.4354780079970915,0.3927392196269216,0.06287180923530594,0.22780551443111377,0
11,176,590,60,0.03118610940873623,1.1310230623207733,0.44445828745936417,0.032902940004514616,0.23868061373193938,0
11,177,590,61,0.029202992096543312,1.364069631245204,0.4015786422280143,0.05584276163646822,0.22871070193224127,0
11,178,590,61,0.030277524143457413,0.9524617310876854,0.4248125440643322,0.015326345301764566,0.2200694446830484,0
11,179,590,61,0.02821739763021469,0.6700997617028164,0.38026777937672895,0.0,0.19013388968836448,0
11,180,590,61,0.02906717173755169,0.658144513106347,0.39864188766843894,0.0,0.19932094383421947,0
11,181,590,62,0.026237204670906067,0.6310028676440864,0.33745136551017973,0.0,0.16872568275508987,0
11,182,590,62,0.02810513600707054,0.4829758875560386,0.377840419913968,0.0,0.188920209956984,0
11,183,590,62,0.028495321050286293,0.5407326628700675,0.3862771352433144,0.0,0.1931385676216572,0
11,184,590,62,0.03140085190534592,0.7141645462256159,0.44910152364821854,0.0,0.22455076182410927,0
11,185,590,64,0.02990664914250374,0.9984248152187066,0.4167933571164432,0.019850698337667904,0.21832202772705556,0
11,186,590,64,0.029807129874825478,0.6973625752251706,0.4146415172502435,0.0,0.20732075862512175,0
11,187,590,64,0.02780717983841896,0.503412900359467,0.3713979090611208,0.0,0.1856989545305604,0
11,188,590,64,0.031465694308280945,0.4591461690698334,0.45050356840709754,0.0,0.22525178420354877,0
11,189,590,64,0.029740674421191216,0.5373399571872852,0.41320459455383757,0.0,0.20660229727691878,0
11,190,590,64,0.030489377677440643,0.7073791348600513,0.4293933141087243,0.0,0.21469665705436214,0
11,191,590,64,0.03010249137878418,0.9386485722363596,0.4210279253698631,0.013966653967600334,0.21749728966873172,0
11,192,590,64,0.030923407524824142,1.2022294923058292,0.43877805688777927,0.039912109075075156,0.2393450829814272,0
11,193,590,66,0.032686997205019,0.590169231390606,0.47691100008557863,0.0,0.23845550004278931,0
11,194,590,66,0.027996839955449104,0.4965467102871689,0.375498805403857,0.0,0.1877494027019285,0
11,195,590,66,0.03179435804486275,0.5543034856011964,0.45761004886510614,0.0,0.22880502443255307,0
11,196,590,66,0.02998988702893257,0.720949957591179,0.4185931553522465,0.0,0.20929657767612325,0
11,197,590,66,0.03217810019850731,0.9454339836019227,0.46590745381811793,0.01463457251771605,0.240271013167917,0
11,198,590,66,0.030709393322467804,1.1546104446867802,0.4341505681279931,0.035224752107298,0.23468766011764552,0
11,199,590,66,0.030474891886115074,1.3927056827820183,0.4290800973418105,0.05866153694618309,0.2438708171439968,0
11,200,590,69,0.03188996762037277,1.2348237004725557,0.4596773520212953,0.04312050353902424,0.25139892778015976,0
11,201,590,69,0.029693718999624252,0.9269760491134539,0.4121893082638634,0.012817675033174838,0.21250349164851912,0
11,202,590,69,0.030060580000281334,0.7364594692838965,0.4201217031154814,0.0,0.2100608515577407,0
11,203,590,69,0.02944469451904297,0.6428773375338249,0.4068048152156741,0.0,0.20340240760783704,0
11,204,590,69,0.030493400990962982,0.6462296538632403,0.4294803075787685,0.0,0.21474015378938424,0
11,205,590,69,0.029977310448884964,0.7465164182721428,0.4183212202088491,0.0,0.20916061010442455,0
11,206,590,69,0.030442344024777412,0.8366250656326985,0.4283763362790548,0.00392402148193031,0.21615017888049257,0
11,207,590,69,0.030640024691820145,0.9913566783795785,0.43265065571531436,0.019154949847964044,0.2259028027816392,0
11,208,590,69,0.0296713188290596,1.2022294923058279,0.4117049640644414,0.039912109075075024,0.22580853656975822,0
11,209,590,69,0.028306402266025543,1.4403247304010658,0.38219226825292896,0.06334889391396009,0.22277058108344452,0
11,210,590,69,0.028227780014276505,1.678419968496304,0.3804922708591486,0.08678567875284518,0.23363897480599688,0
11,211,590,69,0.027632180601358414,1.916515206591542,0.3676140153122354,0.11022246359173028,0.23891823945198284,0
11,212,590,70,0.02704954706132412,1.2957712347025325,0.3550161123324415,0.04911984337310015,0.20206797785277084,0
11,213,590,70,0.028525657951831818,1.5185589078718844,0.3869330901723005,0.07104983576856914,0.22899146297043482,0
11,214,590,70,0.02996421791613102,1.678419968496304,0.4180381289584136,0.08678567875284518,0.2524119038556294,0
11,215,590,73,0.03197124972939491,1.2092572397915913,0.461434861764716,0.04060388185912361,0.2510193718119198,0
11,216,590,73,0.030448660254478455,1.0442667312896323,0.4285129079720733,0.02436312425660526,0.22643801611433928,0
11,217,590,73,0.031786274164915085,0.9438991881739975,0.4574352564299247,0.014483495702808913,0.23595937606636683,0
11,218,590,73,0.02861924283206463,0.908154610444687,0.388956614670185,0.010964996197734566,0.19996080543395978,0
11,219,590,73,0.029598336666822433,0.9370329981017007,0.41012691862774153,0.013807625741382211,0.21196727218456188,0
11,220,590,73,0.030357325449585915,1.0305343511450387,0.42653803537780605,0.023011384333751862,0.22477470985577896,0
11,221,590,73,0.029308436438441277,1.0390161153519937,0.40385859608875596,0.02384628252139662,0.2138524393050763,0
11,222,590,75,0.028559602797031403,1.0119552485964707,0.3876670573010437,0.02118255973224431,0.20442480851664402,0
11,223,590,75,0.027939295396208763,0.826568116644453,0.3742545571336971,0.0029340707737230682,0.18859431395371007,0
11,224,590,75,0.02799168974161148,0.7058039500787594,0.3753874457072495,0.0,0.18769372285362476,0
11,225,590,75,0.028324300423264503,0.64966274889939,0.38257926837036166,0.0,0.19128963418518083,0
11,226,590,75,0.029965583235025406,0.6581445131063449,0.41806765035357213,0.0,0.20903382517678606,0
11,227,590,76,0.026867100968956947,0.685447715982066,0.3510712001144651,0.0,0.17553560005723254,0
11,228,590,76,0.029567884281277657,0.6173916555595927,0.4094684666639672,0.0,0.2047342333319836,0
11,229,590,76,0.029263125732541084,0.6462700432166064,0.4028788724071379,0.0,0.20143943620356894,0
11,230,590,78,0.030674945563077927,1.2824427480916025,0.4334057268154943,0.04780786050680117,0.24060679366114773,0
11,231,590,78,0.031560949981212616,0.9320651076376258,0.4525632193599032,0.01331861394576159,0.2329409166528324,0
11,232,590,78,0.02859228290617466,0.6786219152631361,0.3883736778713796,0.0,0.1941868389356898,0
11,233,590,78,0.028769031167030334,0.5731249242699619,0.3921953896148814,0.0,0.1960976948074407,0
11,234,590,78,0.02893354929983616,0.5968738640494361,0.3957526573193507,0.0,0.19787632865967536,0
11,235,590,78,0.0284119825810194,0.7498687346015588,0.38447516217076005,0.0,0.19223758108538003,0
11,236,590,79,0.029427608475089073,0.43874954561977525,0.4064353748912688,0.0,0.2032176874456344,0
11,237,590,82,0.027416275814175606,2.5596752695989333,0.36294564767647935,0.1735316004491359,0.26823862406280763,0
11,238,590,82,0.030819764360785484,2.1634153237206664,0.4365370487147842,0.1345259522635037,0.28553150048914394,0
11,239,590,82,0.028721535578370094,1.799466860535562,0.3911684236460587,0.09870086860223252,0.24493464612414562,0
11,240,590,82,0.030003344640135765,1.4678298800436191,0.41888414045459343,0.06605634946532231,0.24247024495995786,0
11,241,590,82,0.030080383643507957,1.1685043822448389,0.4205499043069212,0.03659239485277313,0.22857114957984714,0
11,242,590,82,0.03222599998116493,0.9082757785047848,0.4669431594086997,0.010976923314700763,0.2389600413617002,0
11,243,590,82,0.029172562062740326,0.80790823538915,0.4009206735612958,0.0010972947609044128,0.2010089841611001,0
11,244,590,82,0.02909323014318943,0.7721636576598395,0.39920533148599374,0.0,0.19960266574299687,0
11,245,590,83,0.03145729377865791,0.8725312007754743,0.45032192926362563,0.007458423809626416,0.22889017653662602,0
11,246,590,83,0.028495239093899727,0.7602487984167355,0.3862753631541098,0.0,0.1931376815770549,0
11,247,590,85,0.029370669275522232,1.5545458217213939,0.4052042159163702,0.07459218950757623,0.2398982027119732,0
11,248,590,85,0.02687574364244938,1.2279978997536236,0.3512580749760415,0.042448609283252815,0.19685334212964717,0
11,249,590,85,0.028698591515421867,0.9660729431721791,0.3906723192182789,0.01666615810765155,0.2036692386629652,0
11,250,590,87,0.028185544535517693,2.131103841027505,0.37957904079745775,0.13134538773914275,0.25546221426830024,0
11,251,590,87,0.03110063262283802,1.7348438951492378,0.4426100789684715,0.09233973955351053,0.267474909260991,0
11,252,590,87,0.029039818793535233,1.3793771961710883,0.39805045289640234,0.05734955407988412,0.22770000348814323,0
11,253,590,87,0.03087892010807991,1.0919261682620454,0.43781613464771646,0.02905445693003763,0.23343529578887703,0
11,254,590,87,0.031725071370601654,0.901409588432488,0.456111908541632,0.010301053353274062,0.23320648094745305,0
11,255,590,87,0.030706465244293213,0.8078274566824177,0.4340872562136831,0.001089343349593571,0.21758829978163835,0
11,256,590,87,0.03250569477677345,0.8077870673290509,0.47299081656695735,0.0010853676439380848,0.2370380921054477,0
11,257,590,89,0.030202241614460945,1.1225816874671832,0.4231847593056395,0.032072017522525156,0.2276283884140823,0
11,258,590,89,0.031079737469553947,0.8895755078961177,0.44215827677080677,0.009136171596226882,0.22564722418351682,0
11,259,590,89,0.0317174531519413,0.7279777050769409,0.45594718479511315,0.0,0.22797359239755657,0
11,260,590,89,0.03194461017847061,0.66331435033725,0.46085885222371037,0.0,0.23042942611185518,0
11,261,590,89,0.03132074698805809,0.6955854436770459,0.4473694675497367,0.0,0.22368473377486836,0
11,262,590,89,0.03233879432082176,0.8180055737307631,0.4693820374512906,0.0020912211747672175,0.2357366293130289,0
11,263,590,89,0.03427838906645775,1.0118340805363704,0.5113206227654864,0.02117063261527786,0.2662456276903821,0
11,264,590,89,0.033463235944509506,1.2702855527283003,0.4936951013384577,0.04661117310451036,0.27015313722148404,0
11,265,590,89,0.03460755944252014,1.5831818732582095,0.5184380579567599,0.07741096481729123,0.2979245113870256,0
11,266,590,89,0.033460360020399094,1.868896158972495,0.49363291711727797,0.10553510662395332,0.2995840118706157,0
11,267,590,91,0.03234938904643059,0.7430833232359971,0.4696111202557403,0.0,0.23480556012787016,0
11,268,590,91,0.03501474857330322,0.8451068298396555,0.527242441521307,0.0047589196695752645,0.26600068059544113,0
11,269,590,91,0.03424390032887459,1.0049678904640749,0.5105748954083853,0.020494762653851292,0.2655348290311183,0
11,270,590,91,0.03672220557928085,1.1971404337816558,0.5641616647129712,0.03941117016248826,0.30178641743772977,0
11,271,590,91,0.03539185971021652,1.3263863645543044,0.5353964683477644,0.052133428259932266,0.29376494830384836,0
11,272,590,91,0.036225348711013794,1.4879437780201141,0.5534184544595687,0.06803625088173718,0.31072735267065293,0
11,273,590,91,0.03548672795295715,1.6784199684963046,0.537447742151603,0.08678567875284525,0.3121167104522241,0
11,274,590,91,0.03501162678003311,1.868896158972495,0.5271749410325134,0.10553510662395332,0.31635502382823333,0
11,275,590,92,0.03602054342627525,1.200533139464438,0.5489900840867725,0.03974512943754619,0.29436760676215934,0
11,276,590,92,0.0369008332490921,1.3757017650147423,0.568024013683915,0.05698776486523817,0.31250588927457656,0
11,277,590,92,0.0368802584707737,1.5831818732582095,0.5675791387440501,0.07741096481729123,0.32249505178067067,0
11,278,590,95,0.03506133332848549,1.2585726402520305,0.5282497131351058,0.045458218464429635,0.28685396579976774,0
11,279,590,95,0.034761685878038406,1.0119552485964707,0.5217706328050363,0.02118255973224431,0.2714765962686403,0
11,280,590,95,0.035503752529621124,0.8299608223272352,0.5378158534091048,0.003268030048780998,0.27054194172894286,0
11,281,590,95,0.034766897559165955,0.7125893614443238,0.5218833215685472,0.0,0.2609416607842736,0
11,282,590,95,0.03581510856747627,0.6598408659477367,0.5445481008469047,0.0,0.2722740504234524,0
11,283,590,96,0.036231618374586105,0.8062118825477596,0.5535540192837209,0.0009303151233755137,0.2772421672035482,0
11,284,590,96,0.03644959628582001,0.6769255624217443,0.5582672127214025,0.0,0.2791336063607012,0
11,285,590,96,0.03752022609114647,0.6445736903752161,0.5814167389467284,0.0,0.2907083694733642,0
11,286,590,96,0.0391993410885334,0.707459913566783,0.6177231414716369,0.0,0.30886157073581844,0
11,287,590,96,0.03712240979075432,0.8417545135102387,0.5728150179475806,0.00442893610017269,0.28862197702387665,0
11,288,590,96,0.03676543012261391,0.9658709964053477,0.5650962806693812,0.016646279579374382,0.2908712801243778,0
11,289,590,98,0.03711579367518425,0.8657457894099112,0.5726719620190635,0.0067905052595107,0.2897312336392871,0
11,290,590,98,0.040182724595069885,0.7024516337493426,0.6389861981891526,0.0,0.3194930990945763,0
11,291,590,98,0.0388394370675087,0.6360919261682612,0.609941172828637,0.0,0.3049705864143185,0
11,292,590,98,0.040467552840709686,0.6615776081424927,0.645144852571226,0.0,0.322572426285613,0
11,293,590,98,0.04128417372703552,0.761864372551395,0.662802110504919,0.0,0.3314010552524595,0
11,294,590,98,0.04289284348487854,0.9590855850397831,0.6975853218089609,0.015978361029258523,0.35678184141910974,0
11,295,590,98,0.04482322558760643,1.249848539924876,0.7393247081866574,0.04459946604285209,0.3919620871147548,0
11,296,590,101,0.04214286431670189,1.331758148552042,0.6813690140471389,0.05266219711210723,0.36701560557962304,0
11,297,590,101,0.04103139787912369,0.977987802415283,0.6573365041008644,0.017838991276009714,0.3375877476884371,0
11,298,590,101,0.04293956607580185,0.7024112443959771,0.6985955737546039,0.0,0.34929778687730195,0
11,299,590,101,0.04469108209013939,0.5918251948786303,0.7364674559927614,0.0,0.3682337279963807,0
11,300,590,101,0.045283205807209015,0.578173593440769,0.7492705588474975,0.0,0.37463527942374875,0
11,301,590,101,0.04910777136683464,0.6512783230340482,0.8319666320210206,0.0,0.4159833160105103,0
11,302,590,101,0.052786119282245636,0.7890060180136516,0.9115011369545115,0.0,0.45575056847725576,0
11,303,590,101,0.05813999101519585,0.9913566783795792,1.0272643946859454,0.01915494984796411,0.5232096722669548,0
11,304,590,101,0.06702800840139389,1.2022294923058285,1.2194441663953697,0.039912109075075086,0.6296781377352224,0
11,305,590,101,0.06269331276416779,1.4403247304010667,1.1257178850668075,0.06334889391396017,0.5945333894903838,0
11,306,590,103,0.06376968324184418,0.6888000323114828,1.148991538085965,0.0,0.5744957690429825,0
11,307,590,103,0.0690622478723526,0.6581445131063449,1.2634291925428458,0.0,0.6317145962714229,0
11,308,590,103,0.06932953000068665,0.7244234419806942,1.2692084587361154,0.0,0.6346042293680577,0
11,309,590,104,0.0671897828578949,0.6564481602649546,1.2229421093862394,0.0,0.6114710546931197,0
11,310,590,104,0.06437134742736816,0.6036996647683674,1.162000928234019,0.0,0.5810004641170095,0
11,311,590,104,0.06466467678546906,0.6478856173512659,1.1683433965963153,0.0,0.5841716982981576,0
11,312,590,105,0.06141860410571098,0.6360919261682625,1.098155695622999,0.0,0.5490778478114995,0
11,313,590,105,0.059908006340265274,0.5731249242699619,1.0654930307007935,0.0,0.5327465153503967,0
11,314,590,105,0.05944095551967621,0.639403853144311,1.0553942970713017,0.0,0.5276971485356509,0
11,315,590,105,0.0625000149011612,0.8298396542671347,1.1215383321282395,0.0032561029318145277,0.562397217530027,0
11,316,590,105,0.097496896982193,1.084898420776284,1.8782529644959114,0.028362684145989244,0.9533078243209503,0
11,317,590,105,0.09308284521102905,1.249848539924876,1.7828108175202368,0.04459946604285209,0.9137051417815445,0
11,318,590,107,0.07089829444885254,0.6071731491578832,1.303128823696534,0.0,0.651564411848267,0
11,319,590,107,0.04472075775265694,0.46597196978876404,0.7371091133838467,0.0,0.36855455669192333,0
11,320,590,107,0.04476670175790787,0.45401672119229464,0.7381025304820458,0.0,0.3690512652410229,0
11,321,590,107,0.04417146369814873,0.5594329334787351,0.7252320882375347,0.0,0.36261604411876736,0
11,322,590,107,0.03895024210214615,0.7294721111515013,0.6123370374332616,0.0,0.3061685187166308,0
11,323,590,107,0.041060224175453186,0.9641342542105904,0.6579597962038292,0.016475324236189998,0.3372175602200096,0
11,324,590,109,0.041843999177217484,0.683751363140677,0.6749068491140224,0.0,0.3374534245570112,0
11,325,590,109,0.04179980605840683,0.49319439395775283,0.6739512902851944,0.0,0.3369756451425972,0
11,326,590,110,0.04163827374577522,0.8453895553132191,0.6704585830124292,0.004786749609163276,0.33762266631079624,0
11,327,590,110,0.04237166419625282,0.5698129972939119,0.6863162038093376,0.0,0.3431581019046688,0
11,328,590,110,0.042121537029743195,0.45579385274041734,0.6809078681063954,0.0,0.3404539340531977,0
11,329,590,110,0.043497484177351,0.5016357688113409,0.7106590710149457,0.0,0.35532953550747287,0
11,330,590,110,0.0418923944234848,0.6070519810977828,0.6759532677893412,0.0,0.3379766338946706,0
11,331,590,111,0.041962698101997375,0.4660123591421295,0.6774733981288542,0.0,0.3387366990644271,0
11,332,590,111,0.04161033406853676,0.47445373399571894,0.6698544616926778,0.0,0.3349272308463389,0
11,333,590,112,0.04061353951692581,0.6123429863887869,0.6483014267416815,0.0,0.3241507133708407,0
11,334,590,112,0.04040759801864624,0.45922694777656503,0.6438484887685488,0.0,0.3219242443842744,0
11,335,590,112,0.040769077837467194,0.46257926410598044,0.6516645298539827,0.0,0.32583226492699136,0
11,336,590,112,0.04142921417951584,0.5934811583666539,0.6659382251000122,0.0,0.3329691125500061,0
11,337,590,112,0.040894247591495514,0.8179247950240308,0.6543709933664689,0.002083269763456376,0.32822713156496264,0
11,338,590,112,0.040219102054834366,1.1069913970677332,0.6397727641474689,0.030537395139521042,0.33515507964349495,0
11,339,590,112,0.04325691610574722,1.3450866351629713,0.7054574253528678,0.05397417997840614,0.379715802665637,0
11,340,590,112,0.04317926988005638,1.5831818732582095,0.7037785319305241,0.07741096481729123,0.3905947483739077,0
11,341,590,112,0.03972184658050537,1.8212771113534476,0.6290209350965712,0.10084774965617632,0.3649343423763738,0
11,342,590,112,0.04087305814027786,2.0593723494486857,0.6539128277575694,0.12428453449506141,0.3890986811263154,0
11,343,590,112,0.041116803884506226,2.297467587543924,0.6591831821510804,0.1477213193339465,0.40345225074251345,0
11,344,590,112,0.039032477885484695,2.535562825639162,0.6141151678510631,0.1711581041728316,0.39263663601194737,0
11,345,590,112,0.04004967585206032,2.678419968496305,0.6361093724644966,0.18522017507616265,0.4106647737703296,0
11,346,590,112,0.036546364426612854,2.8212771113534476,0.560359566774984,0.19928224597949368,0.37982090637723886,0
11,347,590,112,0.03740896284580231,2.916515206591543,0.5790109667524599,0.20865695991504776,0.3938339633337538,0
11,348,590,112,0.037676259875297546,3.011753301829638,0.5847905551437665,0.21803167385060176,0.40141111449718414,0
11,349,590,112,0.03650881350040436,3.106991397067733,0.5595476277212382,0.22740638778615577,0.393477007753697,0
11,350,590,112,0.03750133514404297,3.2022294923058285,0.5810082723850672,0.23678110172170985,0.40889468705338855,1
11,351,590,112,0.03596756234765053,3.297467587543924,0.5478445089655054,0.24615581565726385,0.39700016231138463,1
11,352,590,112,0.038048867136240005,3.3450866351629713,0.5928471976134801,0.25084317262504086,0.4218451851192605,1
11,353,590,112,0.0388561375439167,3.392705682782019,0.6103022762788297,0.25553052959281786,0.4329164029358238,1
11,354,590,112,0.03944718837738037,3.392705682782019,0.6230821808748873,0.25553052959281786,0.4393063552338526,1
11,355,590,112,0.037128329277038574,3.392705682782019,0.5729430111178585,0.25553052959281786,0.4142367703553382,1
11,356,590,112,0.04063677415251732,3.392705682782019,0.6488038140311867,0.25553052959281786,0.4521671718120023,1
11,357,590,112,0.0412224680185318,3.392705682782019,0.6614678884328707,0.25553052959281786,0.4584992090128443,1
11,358,590,112,0.03801821544766426,3.392705682782019,0.5921844362509583,0.25553052959281786,0.4238574829218881,1
11,359,590,112,0.040534235537052155,3.392705682782019,0.6465866887876992,0.25553052959281786,0.45105860919025853,1
11,360,590,112,0.03995957970619202,3.392705682782019,0.6341612825820716,0.25553052959281786,0.44484590608744473,1
11,361,590,112,0.039710577577352524,3.392705682782019,0.6287772728309382,0.25553052959281786,0.44215390121187803,1
11,362,590,112,0.04176703467965126,3.392705682782019,0.6732426962518807,0.25553052959281786,0.4643866129223493,1
11,363,590,112,0.040967442095279694,3.392705682782019,0.6559536301251988,0.25553052959281786,0.45574207985900833,1
11,364,590,112,0.04052327200770378,3.392705682782019,0.6463496315818288,0.25553052959281786,0.4509400805873233,1
11,365,590,112,0.03763556107878685,3.392705682782019,0.5839105517546621,0.25553052959281786,0.41972054067374,1
11,366,590,112,0.03779870271682739,3.392705682782019,0.587438056415445,0.25553052959281786,0.4214842930041314,1
11,367,590,112,0.03919440880417824,3.392705682782019,0.6176164939213235,0.25553052959281786,0.43657351175707065,1
11,368,590,112,0.03968746215105057,3.392705682782019,0.6282774631257305,0.25553052959281786,0.4419039963592742,1
11,369,590,112,0.039260368794202805,3.392705682782019,0.6190427035329925,0.25553052959281786,0.4372866165629052,1
11,370,590,112,0.03898197412490845,3.392705682782019,0.6130231581534805,0.25553052959281786,0.4342768438731492,1
11,371,590,112,0.038363996893167496,3.392705682782019,0.5996610417042012,0.25553052959281786,0.42759578564850953,1
11,372,590,112,0.039592839777469635,3.392705682782019,0.6262315055895059,0.25553052959281786,0.4408810175911619,1
11,373,590,112,0.04083426296710968,3.392705682782019,0.6530739851677173,0.25553052959281786,0.4543022573802676,1
11,374,590,112,0.04069163650274277,3.392705682782019,0.6499900666546505,0.25553052959281786,0.4527602981237342,1
11,375,590,112,0.0414872020483017,3.392705682782019,0.6671920587617789,0.25553052959281786,0.4613612941772984,1
11,376,590,112,0.04078793153166771,3.392705682782019,0.6520721909205509,0.25553052959281786,0.4538013602566844,1
11,377,590,112,0.036403317004442215,3.392705682782019,0.5572665461673664,0.25553052959281786,0.4063985378800921,1
11,378,590,112,0.03929007053375244,3.392705682782019,0.6196849247706429,0.25553052959281786,0.43760772718173035,1
11,379,590,112,0.03846143186092377,3.392705682782019,0.6017678141199475,0.25553052959281786,0.4286491718563827,1
11,380,590,112,0.041506413370370865,3.392705682782019,0.66760745258124,0.25553052959281786,0.4615689910870289,1
11,381,590,112,0.04187559708952904,3.392705682782019,0.6755900700519066,0.25553052959281786,0.46556029982236224,1
11,382,590,112,0.039673011749982834,3.392705682782019,0.6279650115791551,0.25553052959281786,0.44174777058598647,1
11,383,590,112,0.04043154790997505,3.392705682782019,0.6443663415638397,0.25553052959281786,0.44994843557832875,1
11,384,590,112,0.038479629904031754,3.392705682782019,0.6021612984728788,0.25553052959281786,0.42884591403284833,1
11,385,590,112,0.039007462561130524,3.392705682782019,0.6135742778961124,0.25553052959281786,0.43455240374446513,1
11,386,590,112,0.04032602533698082,3.392705682782019,0.6420846961634027,0.25553052959281786,0.4488076128781103,1
11,387,590,112,0.04028761386871338,3.392705682782019,0.6412541501730086,0.25553052959281786,0.4483923398829132,1
11,388,590,112,0.04114308953285217,3.392705682782019,0.6597515394887025,0.25553052959281786,0.45764103454076016,1
11,389,590,112,0.037907473742961884,3.392705682782019,0.5897899409879918,0.25553052959281786,0.4226602352904048,1
11,390,590,112,0.03996074199676514,3.392705682782019,0.6341864140289734,0.25553052959281786,0.4448584718108956,1
11,391,590,112,0.040207572281360626,3.392705682782019,0.6395234634161848,0.25553052959281786,0.44752699650450134,1
11,392,590,112,0.04151009023189545,3.392705682782019,0.6676869549469192,0.25553052959281786,0.46160874226986853,1
11,393,590,112,0.042922962456941605,3.392705682782019,0.698236564591653,0.25553052959281786,0.4768835470922354,1
11,394,590,112,0.038807835429906845,3.392705682782019,0.6092578713412435,0.25553052959281786,0.4323942004670307,1
11,395,590,112,0.03796782344579697,3.392705682782019,0.5910948430386547,0.25553052959281786,0.42331268631573626,1
11,396,590,112,0.03944605961441994,3.392705682782019,0.6230577743735694,0.25553052959281786,0.4392941519831936,1
11,397,590,112,0.03980543464422226,3.392705682782019,0.6308283049862488,0.25553052959281786,0.4431794172895333,1
11,398,590,112,0.04129175469279289,3.392705682782019,0.6629660287563448,0.25553052959281786,0.45924827917458133,1
11,399,590,112,0.040653105825185776,3.392705682782019,0.6491569430799587,0.25553052959281786,0.4523437363363883,1
11,400,590,112,0.04012419655919075,3.392705682782019,0.6377206848485374,0.25553052959281786,0.4466256072206776,1
11,401,590,112,0.040428102016448975,3.392705682782019,0.644291833267737,0.25553052959281786,0.4499111814302774,1
11,402,590,112,0.03925938904285431,3.392705682782019,0.6190215190120466,0.25553052959281786,0.43727602430243223,1
11,403,590,112,0.04074602574110031,3.392705682782019,0.6511660894904332,0.25553052959281786,0.4533483095416255,1
11,404,590,112,0.040112536400556564,3.392705682782019,0.6374685648844278,0.25553052959281786,0.44649954723862284,1
11,405,590,112,0.04090506210923195,3.392705682782019,0.6546048285919673,0.25553052959281786,0.4550676790923926,1
11,406,590,112,0.040035732090473175,3.392705682782019,0.635807875651186,0.25553052959281786,0.44566920262200194,1
11,407,590,112,0.03841271251440048,3.392705682782019,0.6007143876373197,0.25553052959281786,0.42812245861506876,1
11,408,590,112,0.04070179536938667,3.392705682782019,0.6502097251665121,0.25553052959281786,0.452870127379665,1
11,409,590,112,0.03955285996198654,3.392705682782019,0.6253670482556963,0.25553052959281786,0.4404487889242571,1
11,410,590,112,0.04034736379981041,3.392705682782019,0.6425460837526742,0.25553052959281786,0.449038306672746,1
11,411,590,112,0.03989754617214203,3.392705682782019,0.6328199721532051,0.25553052959281786,0.44417525087301146,1
11,412,590,112,0.0381302535533905,3.392705682782019,0.5946069627431613,0.25553052959281786,0.42506874616798956,1
11,413,590,112,0.03750104457139969,3.392705682782019,0.5810019895233418,0.25553052959281786,0.41826625955807983,1
11,414,590,112,0.038107890635728836,3.392705682782019,0.5941234240388322,0.25553052959281786,0.42482697681582504,1
11,415,590,112,0.039582882076501846,3.392705682782019,0.6260161967511465,0.25553052959281786,0.4407733631719822,1
11,416,590,112,0.04080379381775856,3.392705682782019,0.6524151707311511,0.25553052959281786,0.45397285016198446,1
11,417,590,112,0.040987368673086166,3.392705682782019,0.6563844894504455,0.25553052959281786,0.45595750952163167,1
11,418,590,112,0.03960432484745979,3.392705682782019,0.6264798397266783,0.25553052959281786,0.4410051846597481,1
11,419,590,112,0.04017913341522217,3.392705682782019,0.6389085484621873,0.25553052959281786,0.44721953902750256,1
11,420,590,112,0.0405568890273571,3.392705682782019,0.6470765103537536,0.25553052959281786,0.4513035199732857,1
11,421,590,112,0.039378806948661804,3.392705682782019,0.6216036140821732,0.25553052959281786,0.43856707183749555,1
11,422,590,112,0.03772065043449402,3.392705682782019,0.5857503830965876,0.25553052959281786,0.4206404563447027,1
11,423,590,112,0.039850153028964996,3.392705682782019,0.631795221295888,0.25553052959281786,0.44366287544435296,1
11,424,590,112,0.039999820291996,3.392705682782019,0.6350313783815322,0.25553052959281786,0.44528095398717504,1
11,425,590,112,0.03967071324586868,3.392705682782019,0.6279153125319169,0.25553052959281786,0.4417229210623674,1
11,426,590,112,0.03726982697844505,3.392705682782019,0.5760025231296074,0.25553052959281786,0.41576652636121264,1
11,427,590,112,0.03710109367966652,3.392705682782019,0.5723541136553649,0.25553052959281786,0.4139423216240914,1
11,428,590,112,0.03750229999423027,3.392705682782019,0.581029134707976,0.25553052959281786,0.41827983215039694,1
11,429,590,112,0.03596284240484238,3.392705682782019,0.547742452737222,0.25553052959281786,0.4016364911650199,1
11,430,590,112,0.03885820880532265,3.392705682782019,0.6103470618060006,0.25553052959281786,0.43293879569940924,1
11,431,590,112,0.0387846902012825,3.392705682782019,0.6087574172399615,0.25553052959281786,0.43214397341638966,1
11,432,590,112,0.041317399591207504,3.392705682782019,0.6635205315783673,0.25553052959281786,0.4595255305855926,1
11,433,590,112,0.03717723488807678,3.392705682782019,0.5740004650759514,0.25553052959281786,0.4147654973343846,1
11,434,590,112,0.03889374062418938,3.392705682782019,0.6111153430257057,0.25553052959281786,0.4333229363092618,1
11,435,590,112,0.03761963173747063,3.392705682782019,0.5835661220528945,0.25553052959281786,0.41954832582285617,1
11,436,590,112,0.04038417711853981,3.392705682782019,0.6433420740035786,0.25553052959281786,0.4494363017981982,1
11,437,590,112,0.03955100476741791,3.392705682782019,0.6253269346000648,0.25553052959281786,0.44042873209644134,1
11,438,590,112,0.03916924446821213,3.392705682782019,0.6170723819860008,0.25553052959281786,0.4363014557894093,1
11,439,590,112,0.03746257722377777,3.392705682782019,0.5801702352903081,0.25553052959281786,0.417850382441563,1
11,440,590,112,0.036967143416404724,3.392705682782019,0.5694577949494583,0.25553052959281786,0.41249416227113805,1
11,441,590,112,0.03788239136338234,3.392705682782019,0.5892476011418736,0.25553052959281786,0.4223890653673457,1
11,442,590,112,0.03902895748615265,3.392705682782019,0.6140390485647744,0.25553052959281786,0.43478478907879614,1
11,443,590,112,0.03813459724187851,3.392705682782019,0.5947008834710052,0.25553052959281786,0.42511570653191155,1
11,444,590,112,0.03778505325317383,3.392705682782019,0.5871429230133691,0.25553052959281786,0.4213367263030935,1
11,445,590,112,0.038972415030002594,3.392705682782019,0.6128164681126163,0.25553052959281786,0.43417349885271705,1
11,446,590,112,0.04021383821964264,3.392705682782019,0.6396589476908278,0.25553052959281786,0.4475947386418228,1
11,447,590,112,0.041269462555646896,3.392705682782019,0.6624840204926925,0.25553052959281786,0.4590072750427552,1
11,448,590,112,0.03917136415839195,3.392705682782019,0.6171182146567925,0.25553052959281786,0.4363243721248052,1
11,449,590,112,0.040673185139894485,3.392705682782019,0.6495911049350868,0.25553052959281786,0.4525608172639523,1
11,450,590,112,0.03851781785488129,3.392705682782019,0.602987011492715,0.25553052959281786,0.42925877054276645,1
11,451,590,112,0.039360951632261276,3.392705682782019,0.6212175402840975,0.25553052959281786,0.43837403493845767,1
11,452,590,112,0.039528604596853256,3.392705682782019,0.6248425904006428,0.25553052959281786,0.44018655999673034,1
11,453,590,112,0.038562409579753876,3.392705682782019,0.6039511891190382,0.25553052959281786,0.42974085935592804,1
11,454,590,112,0.0386490635573864,3.392705682782019,0.6058248512548697,0.25553052959281786,0.4306776904238438,1
11,455,590,112,0.03775494918227196,3.392705682782019,0.5864920024287144,0.25553052959281786,0.4210112660107661,1
11,456,590,112,0.0391925573348999,3.392705682782019,0.6175764608152012,0.25553052959281786,0.43655349520400955,1
11,457,590,112,0.042068928480148315,3.392705682782019,0.6797703479360582,0.25553052959281786,0.467650438764438,1
11,458,590,112,0.041760142892599106,3.392705682782019,0.6730936796596754,0.25553052959281786,0.4643121046262466,1
11,459,590,112,0.039634380489587784,3.392705682782019,0.6271297131677123,0.25553052959281786,0.44133012138026506,1
11,460,590,112,0.039148129522800446,3.392705682782019,0.6166158273672873,0.25553052959281786,0.43607317848005256,1
11,461,590,112,0.03822397068142891,3.392705682782019,0.5966333467486259,0.25553052959281786,0.4260819381707219,1
11,462,590,112,0.03783772513270378,3.392705682782019,0.5882818125253644,0.25553052959281786,0.4219061710590911,1
11,463,590,112,0.038391537964344025,3.392705682782019,0.6002565442264575,0.25553052959281786,0.42789353690963766,1
11,464,590,112,0.037660982459783554,3.392705682782019,0.5844602216061265,0.25553052959281786,0.4199953755994722,1
11,465,590,112,0.037986643612384796,3.392705682782019,0.5915017791596392,0.25553052959281786,0.4235161543762285,1
11,466,590,112,0.037296779453754425,3.392705682782019,0.5765852988293942,0.25553052959281786,0.41605791421110605,1
11,467,590,112,0.03779143840074539,3.392705682782019,0.5872809848723096,0.25553052959281786,0.42140575723256374,1
11,468,590,112,0.0393453910946846,3.392705682782019,0.6208810849837506,0.25553052959281786,0.43820580728828423,1
11,469,590,112,0.03814694285392761,3.392705682782019,0.5949678245448261,0.25553052959281786,0.425249177068822,1
11,470,590,112,0.03766351193189621,3.392705682782019,0.5845149147229414,0.25553052959281786,0.4200227221578796,1
11,471,590,112,0.037483274936676025,3.392705682782019,0.5806177683639799,0.25553052959281786,0.4180741489783989,1
11,472,590,112,0.03881717473268509,3.392705682782019,0.6094598089610591,0.25553052959281786,0.4324951692769385,1
11,473,590,112,0.04030563309788704,3.392705682782019,0.6416437681494935,0.25553052959281786,0.4485871488711557,1
11,474,590,112,0.04058561101555824,3.392705682782019,0.647697547070458,0.25553052959281786,0.45161403833163793,1
11,475,590,112,0.04364906623959541,3.392705682782019,0.7139366305483701,0.25553052959281786,0.484733580070594,1
11,476,590,112,0.04277864098548889,3.392705682782019,0.6951159960518546,0.25553052959281786,0.4753232628223362,1
11,477,590,112,0.039313361048698425,3.392705682782019,0.6201885203027876,0.25553052959281786,0.4378595249478027,1
11,478,590,112,0.04060019552707672,3.392705682782019,0.6480128983993683,0.25553052959281786,0.45177171399609306,1
11,479,590,112,0.040853846818208694,3.392705682782019,0.6534974339381083,0.25553052959281786,0.4545139817654631,1
11,480,590,112,0.04096878319978714,3.392705682782019,0.6559826279485469,0.25553052959281786,0.4557565787706824,1
11,481,590,112,0.040283069014549255,3.392705682782019,0.6411558797716623,0.25553052959281786,0.4483432046822401,1
11,482,590,112,0.04044594243168831,3.392705682782019,0.6446775848677756,0.25553052959281786,0.45010405723029673,1
11,483,590,112,0.038099274039268494,3.392705682782019,0.5939371130238209,0.25553052959281786,0.4247338213083194,1
11,484,590,112,0.03654914349317551,3.392705682782019,0.560419656708922,0.25553052959281786,0.40797509315086994,1
11,485,590,112,0.037464335560798645,3.392705682782019,0.5802082546586979,0.25553052959281786,0.41786939212575785,1
11,486,590,112,0.0398063063621521,3.392705682782019,0.630847153571425,0.25553052959281786,0.4431888415821214,1
11,487,590,112,0.03885860741138458,3.392705682782019,0.6103556806034958,0.25553052959281786,0.4329431050981568,1
11,488,590,112,0.03839844465255737,3.392705682782019,0.6004058830167,0.25553052959281786,0.4279682063047589,1
11,489,590,112,0.038871705532073975,3.392705682782019,0.6106388926781952,0.25553052959281786,0.4330847111355065,1
11,490,590,112,0.04055173695087433,3.392705682782019,0.6469651103823915,0.25553052959281786,0.45124781998760466,1
11,491,590,112,0.04159879311919212,3.392705682782019,0.6696049193128659,0.25553052959281786,0.4625677244528419,1
11,492,590,112,0.0395236611366272,3.392705682782019,0.6247357012018016,0.25553052959281786,0.4401331153973097,1
11,493,590,112,0.039181340485811234,3.392705682782019,0.6173339262426984,0.25553052959281786,0.43643222791775815,1
11,494,590,112,0.041125185787677765,3.392705682782019,0.6593644185470058,0.25553052959281786,0.4574474740699118,1
11,495,590,112,0.040829386562108994,3.392705682782019,0.6529685458600434,0.25553052959281786,0.4542495377264306,1
11,496,590,112,0.0395805761218071,3.392705682782019,0.6259663366048897,0.25553052959281786,0.44074843309885375,1
11,497,590,112,0.04026384279131889,3.392705682782019,0.6407401637541641,0.25553052959281786,0.448135346673491,1
11,498,590,112,0.03778081014752388,3.392705682782019,0.5870511771222762,0.25553052959281786,0.421290853357547,1
11,499,590,112,0.03744358569383621,3.392705682782019,0.5797595938918958,0.25553052959281786,0.4176450617423568,1
11,500,590,112,0.0382709838449955,3.392705682782019,0.5976498815559942,0.25553052959281786,0.426590205574406,1
11,501,590,112,0.03765558451414108,3.392705682782019,0.5843435053671506,0.25553052959281786,0.41993701747998424,1
11,502,590,112,0.03816549479961395,3.392705682782019,0.595368961101141,0.25553052959281786,0.42544974534697944,1
11,503,590,112,0.040557969361543655,3.392705682782019,0.6470998697114507,0.25553052959281786,0.4513151996521343,1
11,504,590,112,0.0372304804623127,3.392705682782019,0.5751517592123788,0.25553052959281786,0.41534114440259834,1
11,505,590,112,0.0404486209154129,3.392705682782019,0.6447354999649624,0.25553052959281786,0.4501330147788901,1
11,506,590,112,0.038380589336156845,3.392705682782019,0.6000198092186242,0.25553052959281786,0.427775169405721,1
11,507,590,112,0.03911228105425835,3.392705682782019,0.6158406994392917,0.25553052959281786,0.43568561451605475,1
11,508,590,112,0.03720032796263695,3.392705682782019,0.5744997914841031,0.25553052959281786,0.4150151605384605,1
11,509,590,112,0.039629727602005005,3.392705682782019,0.6270291068305963,0.25553052959281786,0.4412798182117071,1
11,510,590,112,0.03972926735877991,3.392705682782019,0.6291813897190972,0.25553052959281786,0.44235595965595753,1
11,511,590,112,0.03873525559902191,3.392705682782019,0.607688525251548,0.25553052959281786,0.43160952742218295,1
11,512,590,112,0.03924156725406647,3.392705682782019,0.6186361701595545,0.25553052959281786,0.4370833498761862,1
11,513,590,112,0.03847179561853409,3.392705682782019,0.6019919028548205,0.25553052959281786,0.4287612162238192,1
11,514,590,112,0.0399324968457222,3.392705682782019,0.6335756876494594,0.25553052959281786,0.4445531086211386,1
11,515,590,112,0.03834425285458565,3.392705682782019,0.5992341293049103,0.25553052959281786,0.42738232944886406,1
11,516,590,112,0.03891339898109436,3.392705682782019,0.6115404027862829,0.25553052959281786,0.43353546618955036,1
11,517,590,112,0.037105806171894073,3.392705682782019,0.5724560087846297,0.25553052959281786,0.41399326918872376,1
11,518,590,112,0.038697678595781326,3.392705682782019,0.6068760223512372,0.25553052959281786,0.4312032759720275,1
11,519,590,112,0.036505792289972305,3.392705682782019,0.5594823020691958,0.25553052959281786,0.40750641583100683,1
11,520,590,112,0.03862939774990082,3.392705682782019,0.6053996303952741,0.25553052959281786,0.430465079994046,1
11,521,590,112,0.041420888155698776,3.392705682782019,0.6657581969467263,0.25553052959281786,0.4606443632697721,1
11,522,590,112,0.03882762789726257,3.392705682782019,0.6096858308841554,0.25553052959281786,0.43260818023848663,1
11,523,590,112,0.036277782171964645,3.392705682782019,0.5545521888029687,0.25553052959281786,0.4050413591978933,1
11,524,590,112,0.04037022218108177,3.392705682782019,0.6430403355417401,0.25553052959281786,0.449285432567279,1
11,525,590,112,0.03808636590838432,3.392705682782019,0.5936580089740958,0.25553052959281786,0.42459426928345684,1
11,526,590,112,0.0418093279004097,3.392705682782019,0.6741571748309657,0.25553052959281786,0.4648438522118918,1
11,527,590,112,0.04011422395706177,3.392705682782019,0.6375050538121408,0.25553052959281786,0.44651779170247935,1
11,528,590,112,0.041364144533872604,3.392705682782019,0.664531266821066,0.25553052959281786,0.46003089820694193,1
11,529,590,112,0.04199720919132233,3.392705682782019,0.6782196087830111,0.25553052959281786,0.4668750691879145,1
11,530,590,112,0.04035525768995285,3.392705682782019,0.6427167681628813,0.25553052959281786,0.44912364887784956,1
11,531,590,112,0.04026072844862938,3.392705682782019,0.6406728243643891,0.25553052959281786,0.4481016769786035,1
11,532,590,112,0.03986843302845955,3.392705682782019,0.6321904777380241,0.25553052959281786,0.44386050366542096,1
11,533,590,112,0.03728600963950157,3.392705682782019,0.5763524301980074,0.25553052959281786,0.41594147989541264,1
11,534,590,112,0.03823965787887573,3.392705682782019,0.596972540732289,0.25553052959281786,0.42625153516255343,1
11,535,590,112,0.03861844167113304,3.392705682782019,0.6051627342884223,0.25553052959281786,0.43034663194062006,1
11,536,590,112,0.03801725432276726,3.392705682782019,0.5921636544775588,0.25553052959281786,0.42384709203518833,1
11,537,590,112,0.04055694118142128,3.392705682782019,0.6470776380468838,0.25553052959281786,0.4513040838198508,1
11,538,590,112,0.040282268077135086,3.392705682782019,0.6411385616271628,0.25553052959281786,0.4483345456099903,1
11,539,590,112,0.03957286477088928,3.392705682782019,0.6257995991206383,0.25553052959281786,0.4406650643567281,1
11,540,590,112,0.04065239056944847,3.392705682782019,0.6491414775741731,0.25553052959281786,0.45233600358349546,1
11,541,590,112,0.03941240906715393,3.392705682782019,0.6223301706560609,0.25553052959281786,0.4389303501244394,1
11,542,590,112,0.03998136892914772,3.392705682782019,0.6346324166619685,0.25553052959281786,0.44508147312739316,1
11,543,590,112,0.04168715327978134,3.392705682782019,0.6715154731239569,0.25553052959281786,0.46352300135838737,1
11,544,590,112,0.03968363255262375,3.392705682782019,0.62819465823017,0.25553052959281786,0.4418625939114939,1
11,545,590,112,0.03825037181377411,3.392705682782019,0.5972042011210363,0.25553052959281786,0.4263673653569271,1
11,546,590,112,0.03797280788421631,3.392705682782019,0.5912026182820983,0.25553052959281786,0.4233665739374581,1
11,547,590,112,0.037150789052248,3.392705682782019,0.5734286441094294,0.25553052959281786,0.4144795868511236,1
11,548,590,112,0.03744666278362274,3.392705682782019,0.5798261277865777,0.25553052959281786,0.4176783286896978,1
11,549,590,112,0.037422798573970795,3.392705682782019,0.5793101276300008,0.25553052959281786,0.4174203286114093,1
11,550,590,112,0.03712170198559761,3.392705682782019,0.5727997135408135,0.25553052959281786,0.4141651215668157,1
11,551,590,112,0.03677942603826523,3.392705682782019,0.565398905175822,0.25553052959281786,0.41046471738431994,1
11,552,590,112,0.03715307265520096,3.392705682782019,0.5734780209586303,0.25553052959281786,0.4145042752757241,1
11,553,590,112,0.037003710865974426,3.392705682782019,0.5702484689327488,0.25553052959281786,0.41288949926278334,1
11,554,590,112,0.03819260746240616,3.392705682782019,0.5959552004298276,0.25553052959281786,0.42574286501132275,1
11,555,590,112,0.036153193563222885,3.392705682782019,0.5518582910139335,0.25553052959281786,0.40369441030337566,1
11,556,590,112,0.03687145188450813,3.392705682782019,0.5673887197040645,0.25553052959281786,0.41145962464844116,1
11,557,590,112,0.03576194494962692,3.392705682782019,0.5433985787996818,0.25553052959281786,0.3994645541962498,1
11,558,590,112,0.03538152202963829,3.392705682782019,0.5351729434594564,0.25553052959281786,0.39535173652613714,1
11,559,590,112,0.036928895860910416,3.392705682782019,0.5686307931374732,0.25553052959281786,0.41208066136514554,1
11,560,590,112,0.03602885454893112,3.392705682782019,0.5491697900420213,0.25553052959281786,0.40235015981741956,1
11,561,590,112,0.03411174938082695,3.392705682782019,0.5077174821154706,0.25553052959281786,0.38162400585414424,1
11,562,590,112,0.03583068773150444,3.392705682782019,0.544884958894798,0.25553052959281786,0.40020774424380795,1
11,563,590,112,0.03652629256248474,3.392705682782019,0.5599255660188747,0.25553052959281786,0.40772804780584626,1
11,564,590,112,0.03609029948711395,3.392705682782019,0.5504983736484185,0.25553052959281786,0.40301445162061816,1
11,565,590,112,0.03735875338315964,3.392705682782019,0.577925320466112,0.25553052959281786,0.41672792502946493,1
11,566,590,112,0.03805135563015938,3.392705682782019,0.5929010046856926,0.25553052959281786,0.42421576713925524,1
11,567,590,112,0.03699859604239464,3.392705682782019,0.5701378744564797,0.25553052959281786,0.41283420202464877,1
11,568,590,112,0.03720300644636154,3.392705682782019,0.57455770658129,0.25553052959281786,0.41504411808705394,1
11,569,590,112,0.040483735501766205,3.392705682782019,0.645494759639626,0.25553052959281786,0.4505126446162219,1
11,570,590,112,0.03539208322763443,3.392705682782019,0.5354013013183225,0.25553052959281786,0.3954659154555702,1
11,571,590,112,0.03734651207923889,3.392705682782019,0.5776606347785517,0.25553052959281786,0.41659558218568477,1
11,572,590,112,0.036154039204120636,3.392705682782019,0.5518765757525446,0.25553052959281786,0.4037035526726812,1
11,573,590,112,0.03585773706436157,3.392705682782019,0.5454698288818267,0.25553052959281786,0.4005001792373223,1
11,574,590,112,0.037446171045303345,3.392705682782019,0.5798154952513501,0.25553052959281786,0.417673012422084,1
11,575,590,112,0.03679059445858002,3.392705682782019,0.565640392604704,0.25553052959281786,0.41058546109876093,1
11,576,590,112,0.035808779299259186,3.392705682782019,0.5444112472306037,0.25553052959281786,0.3999708884117108,1
11,577,590,112,0.03629268705844879,3.392705682782019,0.5548744673896788,0.25553052959281786,0.40520249849124834,1
11,578,590,112,0.04065006598830223,3.392705682782019,0.6490912146803698,0.25553052959281786,0.4523108721365938,1
11,579,590,112,0.03948122635483742,3.392705682782019,0.6238181617413632,0.25553052959281786,0.4396743456670905,1
11,580,590,112,0.038217756897211075,3.392705682782019,0.5964989901671133,0.25553052959281786,0.42601475987996557,1
11,581,590,112,0.0387873500585556,3.392705682782019,0.6088149295896018,0.25553052959281786,0.43217272959120984,1
11,582,590,112,0.038880426436662674,3.392705682782019,0.6108274590794669,0.25553052959281786,0.4331789943361424,1
11,583,590,112,0.04068099334836006,3.392705682782019,0.6497599367065799,0.25553052959281786,0.4526452331496989,1
11,584,590,112,0.03613751009106636,3.392705682782019,0.5515191775797798,0.25553052959281786,0.4035248535862988,1
11,585,590,112,0.037179648876190186,3.392705682782019,0.5740526611579778,0.25553052959281786,0.41479159537539784,1
11,586,590,112,0.036902282387018204,3.392705682782019,0.5680553474430328,0.25553052959281786,0.4117929385179253,1
11,587,590,112,0.035558946430683136,3.392705682782019,0.5390092749388963,0.25553052959281786,0.39726990226585707,1
11,588,590,112,0.035746943205595016,3.392705682782019,0.54307420592573,0.25553052959281786,0.3993023677592739,1
11,589,590,112,0.03546501696109772,3.392705682782019,0.5369782996114014,0.25553052959281786,0.39625441460210964,1
15,35,815,9,0.05736515298485756,1.2498485399248769,1.0105105800485634,0.04459946604285218,0.5275550230457078,0
15,36,815,9,0.05799674987792969,1.4403247304010673,1.0241671855038441,0.06334889391396024,0.5437580397089021,0
15,37,815,10,0.05756430700421333,0.7719617108930088,1.0148167568157511,0.0,0.5074083784078756,0
15,38,815,10,0.061323683708906174,0.9471303364433145,1.0961032941260302,0.014801552155245081,0.5554524231406377,0
15,39,815,10,0.04092210531234741,1.1546104446867815,0.6549733425970156,0.035224752107298134,0.34509904735215685,0
15,40,815,10,0.028488639742136,1.3927056827820197,0.38613266969838456,0.05866153694618322,0.22239710332228388,0
15,41,815,10,0.02891218289732933,1.6308009208772578,0.39529066560875953,0.08209832178506832,0.23869449369691392,0
15,42,815,10,0.030907614156603813,1.8688961589724957,0.43843656724310115,0.10553510662395339,0.2719858369335273,0
15,43,815,10,0.02938011847436428,2.059372349448686,0.4054085297467101,0.12428453449506145,0.26484653212088577,0
15,44,815,11,0.029272256419062614,1.3910093299406279,0.4030762992544326,0.058494557308654195,0.23078542828154341,0
15,45,815,11,0.0288276094943285,1.518558907871886,0.39346199037387214,0.0710498357685693,0.23225591307122073,0
15,46,815,11,0.030430132523179054,1.6784199684963053,0.4281122949875688,0.08678567875284532,0.25744898687020706,0
15,47,815,12,0.027442455291748047,1.1002059857021695,0.3635117093530864,0.029869476589405274,0.19669059297124583,0
15,48,815,12,0.027797657996416092,1.1665253039298855,0.3711920245153495,0.03639758527565629,0.2037948048955029,0
15,49,815,13,0.028663132339715958,0.8009208772567562,0.3899056087140051,0.00040949768251159193,0.19515755319825834,0
15,50,815,13,0.02702409215271473,0.790702370855044,0.35446571753539335,0.0,0.17723285876769668,0
15,51,815,13,0.02512962743639946,0.8774183125328175,0.3135029492516146,0.007939484193936261,0.16072121672277542,0
15,52,815,13,0.02692195028066635,1.0593723494486862,0.3522571708146463,0.025850038171744086,0.1890536044931952,0
15,53,815,15,0.02755773812532425,0.8316571751686256,0.36600439446788985,0.003435009686309886,0.18471970207709987,0
15,54,815,16,0.027567923069000244,1.3215800315036954,0.3662246168263166,0.05166031928693346,0.20894246805662503,0
15,55,815,16,0.027232281863689423,1.0307362979118702,0.3589672671373887,0.023031262862029042,0.19099926499970887,0
15,56,815,16,0.025937631726264954,0.8062118825477596,0.33097389617029627,0.0009303151233755137,0.16595210564683588,0
15,57,815,16,0.028017180040478706,0.6769255624217456,0.375938605724636,0.0,0.187969302862318,0
15,58,815,16,0.027617307379841805,0.5578577486974425,0.36729242139635443,0.0,0.18364621069817721,0
15,59,815,16,0.02894327975809574,0.5186800759319843,0.3959630526376428,0.0,0.1979815263188214,0
15,60,815,17,0.030041592195630074,0.65317662264227,0.4197111422665784,0.0,0.2098555711332892,0
15,61,815,17,0.030571002513170242,0.5221939496748657,0.4311582344070006,0.0,0.2155791172035003,0
15,62,815,18,0.03279213607311249,0.8147340361080806,0.4791843488865577,0.0017691890166756817,0.24047676895161668,0
15,63,815,18,0.03169632703065872,0.6004281271456836,0.4554903885278718,0.0,0.2277451942639359,0
15,64,815,19,0.03166237473487854,0.9354982026737743,0.45475626030010996,0.013656548926474941,0.23420640461329245,0
15,65,815,20,0.030599458143115044,1.4644371743608375,0.43177351183379004,0.06572239019026445,0.24874795101202724,0
15,66,815,20,0.03031545877456665,1.0749626398481362,0.42563277971753594,0.0273846605547482,0.22650872013614207,0
15,67,815,20,0.029679730534553528,0.7518074235631482,0.4118868448564412,0.0,0.2059434224282206,0
15,68,815,21,0.0292150117456913,1.1804192414879429,0.40183853521977136,0.03776522802113129,0.21980188162045133,0
15,69,815,21,0.03026001900434494,0.8266488953511852,0.4244340419201306,0.00294202218503391,0.21368803205258227,0
15,70,815,21,0.030780848115682602,0.6208247505957445,0.43569558826587984,0.0,0.21784779413293992,0
15,71,815,21,0.030187712982296944,0.5544246536612948,0.4228706162193688,0.0,0.2114353081096844,0
15,72,815,23,0.03121139667928219,1.5120562219798859,0.4450050575284938,0.07040974715804153,0.25770740234326767,0
15,73,815,23,0.03198900446295738,1.0681772284825723,0.46181876072604067,0.026716742004632407,0.24426775136533654,0
15,74,815,23,0.03271882236003876,0.7603295771234706,0.4775991345435301,0.0,0.23879956727176505,0
15,75,815,23,0.030737999826669693,0.5970354214629021,0.4347691078099092,0.0,0.2173845539049546,0
15,76,815,23,0.030953669920563698,0.537461125247385,0.4394324008265793,0.0,0.21971620041328965,0
15,77,815,23,0.031983982771635056,0.6037400541217343,0.461710179987504,0.0,0.230855089993752,0
15,78,815,25,0.03185651823878288,1.2297346419483823,0.458954097977289,0.042619564626437345,0.2507868313018632,0
15,79,815,25,0.031576164066791534,0.8691788844460602,0.4528921835558851,0.007128440240224104,0.2300103118980546,0
15,80,815,25,0.031801629811525345,0.5885132679025817,0.4577672815072601,0.0,0.22888364075363005,0
15,81,815,25,0.03060007095336914,0.48471262975079793,0.4317867622280699,0.0,0.21589338111403494,0
15,82,815,25,0.03100966289639473,0.520336039420008,0.4406431002261157,0.0,0.22032155011305785,0
15,83,815,25,0.028467101976275444,0.7464760289187766,0.38566697271036554,0.0,0.19283348635518277,0
15,84,815,25,0.029690012335777283,1.0593723494486855,0.41210916150210974,0.02585003817174402,0.21897959983692689,0
15,85,815,25,0.029525477439165115,1.3450866351629713,0.40855153132484856,0.05397417997840614,0.23126285565162735,0
15,86,815,25,0.029024677351117134,1.5831818732582095,0.3977230594158518,0.07741096481729123,0.2375670121165715,0
15,87,815,26,0.02735920250415802,0.9624379013691986,0.36171158891924593,0.016308344598660967,0.18900996675895346,0
15,88,815,27,0.027127502486109734,0.6223595460236676,0.3567016913640571,0.0,0.17835084568202855,0
15,89,815,27,0.02785801887512207,0.7022496869825112,0.3724971682145404,0.0,0.1862485841072702,0
15,90,815,27,0.02935948222875595,0.8638071004483211,0.40496232573994173,0.006599671388049002,0.20578099856399537,0
15,91,815,29,0.028061090037226677,0.9439395775273629,0.37688804279075727,0.014487471408464257,0.19568775709961075,0
15,92,815,29,0.02793685905635357,0.7415081384547031,0.3742018777546148,0.0,0.1871009388773074,0
15,93,815,29,0.029055865481495857,0.6241366775717917,0.3983974199077129,0.0,0.19919870995385644,0
15,94,815,29,0.02754121646285057,0.5747808877579869,0.36564715739414355,0.0,0.18282357869707178,0
15,95,815,29,0.02655983529984951,0.6223595460236676,0.3444273960378767,0.0,0.17221369801893835,0
15,96,815,29,0.026474179700016975,0.7617835938446628,0.34257532117053763,0.0,0.17128766058526881,0
15,97,815,31,0.027885325253009796,0.99668807302395,0.3730875961177107,0.019679742994483582,0.19638366955609715,0
15,98,815,32,0.027598503977060318,1.5120562219798859,0.36688584774816174,0.07040974715804153,0.21864779745310164,0
15,99,815,32,0.028912579640746117,1.2110343713397154,0.39529924413149997,0.04077881290796347,0.21803902851973173,0
15,100,815,32,0.029012005776166916,0.9491094147582693,0.39744907025996723,0.014996361732362058,0.20622271599616465,0
15,101,815,32,0.027008118107914925,0.7824225534149198,0.3541203212395142,0.0,0.1770601606197571,0
15,102,815,32,0.026793960481882095,0.6803586574578947,0.34948973132361993,0.0,0.17474486566180997,0
15,103,815,32,0.028001125901937485,0.6513994910941486,0.3755914776143069,0.0,0.18779573880715345,0
15,104,815,32,0.02771451137959957,0.7193747728098883,0.3693941997425241,0.0,0.18469709987126204,0
15,105,815,32,0.029504865407943726,0.894462619653459,0.40810585088989065,0.00961723198053653,0.2088615414352136,0
15,106,815,33,0.028489327058196068,0.6241366775717904,0.38614753108285044,0.0,0.19307376554142522,0
15,107,815,33,0.030519388616085052,0.6818934528858192,0.43004222095564654,0.0,0.21502111047782327,0
15,108,815,33,0.02872273698449135,0.9165152065915427,0.39119440086280804,0.011787967268412974,0.2014911840656105,0
15,109,815,33,0.02734188921749592,1.2022294923058285,0.36133723507477333,0.039912109075075086,0.2006246720749242,0
15,110,815,33,0.028650060296058655,1.4879437780201141,0.38962296048587075,0.06803625088173718,0.22882960568380395,0
15,111,815,36,0.029232846572995186,1.1293670988327469,0.40222416599554595,0.03273993607264093,0.21748205103409343,0
15,112,815,36,0.028608206659555435,0.9082353891514187,0.3887179867488832,0.010972947609045342,0.19984546717896426,0
15,113,815,36,0.03051639534533024,0.7755563633426225,0.42997749942492386,0.0,0.21498874971246193,0
15,114,815,36,0.030047431588172913,0.7075003029201492,0.41983740362240646,0.0,0.20991870181120323,0
15,115,815,36,0.030211307108402252,0.7091562664081741,0.42338077653652145,0.0,0.21169038826826073,0
15,116,815,36,0.029667766764760017,0.8077466779756861,0.41162816010732367,0.0010813919382827951,0.20635477602280322,0
15,117,815,38,0.03073783591389656,1.044307120642997,0.43476556363149993,0.024367099962260542,0.22956633179688024,0
15,118,815,38,0.028943432494997978,0.8537905408134411,0.3959663551675241,0.005613696385497116,0.20079002577651062,0
15,119,815,38,0.02974032796919346,0.700714891554586,0.41319710344947264,0.0,0.20659855172473632,0
15,120,815,38,0.02888880856335163,0.6122622076820553,0.3947852577126555,0.0,0.19739262885632775,0
15,121,815,38,0.02986387349665165,0.5969142534028036,0.4158684473759039,0.0,0.20793422368795195,0
15,122,815,40,0.029527120292186737,1.4168181267417899,0.40858705365844994,0.06103503322248742,0.2348110434404687,0
15,123,815,40,0.027796125039458275,1.0783553455309185,0.37115887839227246,0.02771861982980613,0.1994387491110393,0
15,124,815,40,0.027151813730597496,0.8368270123995313,0.3572273574617501,0.003943900010207621,0.18058562873597886,0
15,125,815,41,0.028778675943613052,1.2280382891069899,0.3924039322944596,0.04245258498890825,0.2174282586416839,0
15,126,815,41,0.027996402233839035,0.8793570014944062,0.37548934083651425,0.008130318065397817,0.19180982945095604,0
15,127,815,41,0.02762705832719803,0.7075406922735187,0.36750325973694764,0.0,0.18375162986847382,0
15,128,815,41,0.02628440596163273,0.6632739609838865,0.3384719680677677,0.0,0.16923598403388385,0
15,129,815,42,0.027449049055576324,0.6990589280665598,0.36365428198454774,0.0,0.18182714099227387,0
15,130,815,42,0.027005216106772423,0.5187204652853504,0.35405757317176934,0.0,0.17702878658588467,0
15,131,815,42,0.026015054434537888,0.4965467102871689,0.33264795662208196,0.0,0.16632397831104098,0
15,132,815,42,0.026176776736974716,0.6376671109495545,0.3361447719198215,0.0,0.16807238595991075,0
15,133,815,42,0.02802766114473343,0.8434104769982643,0.3761652317690521,0.0045919400320463,0.1903785859005492,0
15,134,815,42,0.027432145550847054,1.1069913970677339,0.36328878858609814,0.03053739513952111,0.1969130918628096,0
15,135,815,45,0.028694715350866318,1.4644371743608375,0.39058850745385204,0.06572239019026445,0.22815544882205824,0
15,136,815,45,0.028922608122229576,1.0681772284825717,0.39551608341053607,0.02671674200463234,0.21111641270758422,0
15,137,815,45,0.029250701889395714,0.7194959408699868,0.40261023979362176,0.0,0.20130511989681088,0
15,138,815,45,0.028860922902822495,0.5680762550991567,0.394182304360789,0.0,0.1970911521803945,0
15,139,815,45,0.028635775670409203,0.5459025001009737,0.3893140933924592,0.0,0.1946570466962296,0
15,140,815,45,0.029107464477419853,0.6444929116684844,0.3995131111610297,0.0,0.19975655558051486,0
15,141,815,45,0.027233915403485298,0.8332323599499176,0.35900258809721686,0.003590062206872523,0.1812963251520447,0
15,142,815,45,0.02844000793993473,1.086594773617675,0.38508113612922534,0.02852966378351821,0.2068053999563718,0
15,143,815,45,0.027744552120566368,1.2974675875439243,0.3700437509855208,0.04928682301062918,0.209665286998075,0
15,144,815,49,0.027715394273400307,2.273960983884647,0.36941328997622824,0.14540745864247373,0.257410374309351,0
15,145,815,49,0.028191277757287025,1.8777010380063812,0.37970300649227073,0.10640181045684165,0.2430524084745562,0
15,146,815,49,0.029876288026571274,1.5613716224403245,0.41613687861564674,0.07526408376334749,0.2457004811894971,0
15,147,815,49,0.030049171298742294,1.2841391009329937,0.41987502024324963,0.047974840144330136,0.23392493019378988,0
15,148,815,50,0.02983902208507061,1.6906175532129717,0.4153311015993624,0.08798634186079138,0.25165872173007686,0
15,149,815,50,0.028568968176841736,1.3606769255624218,0.3878695587674244,0.055508802361410294,0.22168918056441736,0
15,150,815,50,0.03190762177109718,1.1514600751241975,0.4600590761458689,0.03491464706617286,0.24748686160602087,1
15,151,815,50,0.02977427840232849,1.0374813199240684,0.41393119140247986,0.023695205706489468,0.21881319855448467,1
15,152,815,50,0.03140249848365784,0.9881255301102636,0.4491371265313292,0.018836893395528072,0.23398700996342864,1
15,153,815,50,0.0320919044315815,1.003392705682783,0.4640436992719303,0.020339710133288665,0.24219170470260948,1
15,154,815,50,0.033188413828611374,1.0832828466416264,0.4877528029383646,0.028203655919771253,0.2579782294290679,1
15,155,815,51,0.03205162659287453,0.8180055737307651,0.4631727979773767,0.002091221174767414,0.23263200957607205,1
15,156,815,52,0.03395413979887962,0.8810129649824312,0.5043095934759986,0.00829332199727136,0.256301457736635,1
15,157,815,52,0.03200783580541611,0.809564198877177,0.4622259384955531,0.0012602986927781534,0.23174311859416563,1
15,158,815,52,0.030571801587939262,0.8044347509996361,0.4311755122767455,0.0007553840745357074,0.2159654481756406,1
15,159,815,53,0.029947685077786446,0.8469647400945097,0.4176806502361394,0.00494180212972577,0.21131122618293258,1
15,160,815,53,0.03257880359888077,0.763601114746153,0.47457160068697346,0.0,0.23728580034348673,1
15,161,815,53,0.031580131500959396,0.7805646431600641,0.45297796878328983,0.0,0.22648898439164492,1
15,162,815,53,0.032008081674575806,0.9216850438224484,0.4622312547631669,0.012296857592310709,0.2372640561777388,1
15,163,815,53,0.03309613838791847,1.1274284098711582,0.4857575915929991,0.032549102201179375,0.25915334689708924,1
15,164,815,53,0.03291071951389313,1.3927056827820197,0.4817484008666011,0.05866153694618322,0.2702049689063922,1
15,165,815,53,0.03282209113240242,1.5831818732582101,0.47983204749084046,0.07741096481729129,0.2786215061540659,1
15,166,815,53,0.03370946645736694,1.7736580637344006,0.49901918225467184,0.09616039268839936,0.2975897874715356,1
15,167,815,53,0.03303419426083565,1.964134254210591,0.48441821435235566,0.11490982055950744,0.2996640174559315,1
15,168,815,53,0.032249320298433304,2.1546104446867815,0.4674473993369188,0.1336592484306155,0.30055332388376715,1
15,169,815,53,0.03279928117990494,2.2974675875439243,0.47933884284539546,0.14772131933394655,0.313530081089671,1
15,170,815,53,0.03356289118528366,2.440324730401067,0.49584988126174684,0.16178339023727759,0.3288166357495122,1
15,171,815,53,0.03142111003398895,2.58318187325821,0.44953955187979294,0.17584546114060864,0.3126925065102008,1
15,172,815,53,0.031305208802223206,2.726039016115353,0.44703349554644567,0.18990753204393973,0.3184705137951927,1
15,173,815,54,0.03324844688177109,2.0100569489882467,0.4890508582807371,0.11943019788975541,0.30424052808524626,1
15,174,815,54,0.032756928354501724,2.137606526919505,0.4784230754741617,0.1319854763496705,0.3052042759119161,1
15,175,815,54,0.032516490668058395,2.2974675875439243,0.4732242490449093,0.14772131933394655,0.3104727841894279,1
15,176,815,54,0.033025842159986496,2.440324730401067,0.48423762235250467,0.16178339023727759,0.32301050629489114,1
15,177,815,54,0.03295797482132912,2.5355628256391625,0.48277017139207395,0.17115810417283164,0.3269641377824528,1
15,178,815,54,0.03271936625242233,2.630800920877258,0.47761089477188795,0.1805328181083857,0.3290718564401368,1
15,179,815,54,0.0322810523211956,2.726039016115353,0.46813352005713776,0.18990753204393973,0.3290205260505388,1
15,180,815,54,0.03140564262866974,2.7736580637344006,0.4492051103171786,0.19459488901171673,0.32189999966444766,1
15,181,815,54,0.03283711150288582,2.821277111353448,0.4801568231123388,0.19928224597949376,0.3397195345459163,1
15,182,815,56,0.030858252197504044,1.431842966194111,0.43736924597011906,0.06251399572631536,0.2499416208482172,1
15,183,815,56,0.03128017112612724,1.416535401268226,0.44649212229443913,0.061007203282899394,0.2537496627886693,1
15,184,815,56,0.031048759818077087,1.4335393190355028,0.4414884673262211,0.06268097536384439,0.25208472134503274,1
15,185,815,56,0.031243065372109413,1.482854719495941,0.4456898089070547,0.06753531196915032,0.2566125604381025,1
15,186,815,56,0.032496098428964615,1.5644816026495416,0.4727833210310001,0.07557021309881727,0.2741767670649087,1
15,187,815,56,0.031288281083106995,1.6784199684963053,0.4466674785761856,0.08678567875284532,0.26672657866451543,1
15,188,815,56,0.029641233384609222,1.8212771113534483,0.4110544462273331,0.10084774965617639,0.25595109794175475,1
15,189,815,57,0.03169060871005058,1.132517468395331,0.45536674503109603,0.0330500411137662,0.2442083930724311,1
15,190,815,58,0.032537635415792465,0.7958318187325808,0.47368144805969714,0.0,0.23684072402984857,1
15,191,815,58,0.031382061541080475,0.78561331233087,0.4486952319233084,0.0,0.2243476159616542,1
15,192,815,58,0.030282968655228615,0.8417141241568725,0.4249302671721744,0.00442496039451727,0.21467761378334585,1
15,193,815,58,0.029950018972158432,0.9930530312209702,0.417731114503716,0.019321929485493064,0.2185265219946045,1
15,194,815,58,0.03015766106545925,1.1546104446867815,0.42222082332784416,0.035224752107298134,0.22872278771757115,1
15,195,815,58,0.029943106696009636,1.345086635162972,0.41758165488920945,0.0539741799784062,0.23577791743380783,1
15,196,815,58,0.02912534587085247,1.5355628256391625,0.3998997488056706,0.07272360784951427,0.23631167832759242,1
15,197,815,58,0.029177401214838028,1.726039016115353,0.4010253073738767,0.09147303572062233,0.2462491715472495,1
15,198,815,58,0.029936673119664192,1.9165152065915434,0.41744254588664803,0.11022246359173041,0.26383250473918923,1
15,199,815,60,0.02997943013906479,0.6954642756169475,0.4183670528796409,0.0,0.20918352643982044,1
15,200,815,60,0.029481487348675728,0.7974877822206071,0.40760036244427733,7.156270179817612e-05,0.20383596257303777,1
15,201,815,60,0.030721252784132957,0.9573488428450266,0.4344069974908502,0.015807405686074215,0.2251072015884622,1
15,202,815,60,0.029192224144935608,1.1495213861626075,0.40134581387138213,0.03472381319471117,0.21803481353304666,1
15,203,815,60,0.02877211384475231,1.278767316935256,0.3922620443338273,0.04744607129215518,0.21985405781299122,1
15,204,815,60,0.028978794813156128,1.4403247304010673,0.3967309713845561,0.06334889391396024,0.23003993264925818,1
15,205,815,60,0.029576783999800682,1.6308009208772578,0.4096608994416853,0.08209832178506832,0.24587961061337682,1
15,206,815,60,0.028813762590289116,1.8212771113534483,0.39316258784780334,0.10084774965617639,0.24700516875198986,1
15,207,815,61,0.030040794983506203,1.1529140918453897,0.4196939046715882,0.0350577724697691,0.22737583857067864,1
15,208,815,61,0.029647592455148697,1.3280827173956955,0.41119194423970856,0.05230040789746123,0.23174617606858489,1
15,209,815,61,0.031528640538454056,1.5355628256391625,0.4518646134657427,0.07272360784951427,0.2622941106576285,1
15,210,815,61,0.029122894629836082,1.726039016115353,0.39984674722855107,0.09147303572062233,0.2456598914745867,1
15,211,815,61,0.029981989413499832,1.8688961589724957,0.41842239039253015,0.10553510662395339,0.26197874850824177,1
15,212,815,61,0.030369393527507782,2.0117533018296387,0.426798975513184,0.11959717752728445,0.27319807652023426,1
15,213,815,61,0.02933788113296032,2.1546104446867815,0.4044952594102646,0.1336592484306155,0.26907725392044,1
15,214,815,61,0.029237452894449234,2.2974675875439243,0.40232376546379567,0.14772131933394655,0.27502254239887114,1
15,215,815,61,0.028864381834864616,2.440324730401067,0.3942570945801742,0.16178339023727759,0.2780202424087259,1
15,216,815,61,0.02875828742980957,2.58318187325821,0.39196308483005965,0.17584546114060864,0.28390427298533416,1
15,217,815,63,0.0283428393304348,1.2889858233369682,0.382980123003394,0.04845192482298431,0.21571602391318917,1
15,218,815,63,0.028678234666585922,1.3689163536491786,0.39023215642470804,0.05631984631512239,0.2232760013699152,1
15,219,815,64,0.030447356402873993,1.0866351629710405,0.42848471564381824,0.028533639489173555,0.22850917756649589,1
15,220,815,64,0.03061820939183235,1.0254049032674986,0.4321789577888525,0.02250646971550949,0.227342713752181,1
15,221,815,64,0.030572785064578056,1.0287976089502808,0.43119677734720074,0.02284042899056742,0.2270186031688841,1
15,222,815,64,0.029268547892570496,1.0951169271779968,0.40299611221792425,0.029368537676818445,0.21618232494737136,1
15,223,815,64,0.030927348881959915,1.1937477280988742,0.4388632782686188,0.039077210887430394,0.2389702445780246,1
15,224,815,64,0.030463432893157005,1.3246900117129132,0.42883232705120317,0.0519664486224033,0.24039938783680323,1
15,225,815,64,0.029638731852173805,1.4879437780201148,0.41100035723183803,0.06803625088173725,0.23951830405678765,1
15,226,815,64,0.030701808631420135,1.6784199684963053,0.43398656932705787,0.08678567875284532,0.2603861240399516,1
15,227,815,64,0.030730223283171654,1.8688961589724957,0.43460096070924503,0.10553510662395339,0.2700680336665992,1
15,228,815,64,0.02939668670296669,2.0117533018296387,0.4057667736893226,0.11959717752728445,0.26268197560830353,1
15,229,815,64,0.029187334701418877,2.1546104446867815,0.40124009264042565,0.1336592484306155,0.2674496705355206,1
15,230,815,66,0.029276061803102493,0.8842441132517488,0.4031585805781827,0.008611378449707595,0.20588497951394516,1
15,231,815,66,0.030483752489089966,0.94034492507775,0.429271684349681,0.014133633605129235,0.22170265897740513,1
15,232,815,66,0.03177688643336296,1.0525869380831219,0.4572322716664883,0.025182119621628248,0.24120719564405826,1
15,233,815,66,0.032547563314437866,1.1971404337816551,0.4738961125019821,0.03941117016248819,0.25665364133223517,1
15,234,815,66,0.03253290429711342,1.3740054121733511,0.4735791501828859,0.056820785227709204,0.2651999677052975,1
15,235,815,66,0.03301267698407173,1.5831818732582088,0.4839529603866378,0.07741096481729116,0.2806819626019645,1
15,236,815,66,0.030895238742232323,1.821277111353447,0.4381689817732059,0.10084774965617625,0.26950836571469106,1
15,237,815,66,0.03108609840273857,2.059372349448685,0.4422958150579368,0.12428453449506133,0.2832901747764991,1
15,238,815,66,0.03118007816374302,2.2022294923058277,0.44432787780380717,0.13834660539839239,0.29133724160109975,1
15,239,815,66,0.03167513385415077,2.3450866351629704,0.4550321423694631,0.15240867630172342,0.30372040933559324,1
15,240,815,66,0.032335035502910614,2.440324730401066,0.4693007629964067,0.16178339023727747,0.3155420766168421,1
15,241,815,66,0.03268147632479668,2.535562825639161,0.47679162571279576,0.1711581041728315,0.32397486494281363,1
15,242,815,66,0.0335075706243515,2.6308009208772565,0.49465372104863914,0.18053281810838556,0.3375932695785123,1
15,243,815,66,0.03243708238005638,2.726039016115352,0.4715072557046666,0.1899075320439396,0.3307073938743031,1
15,244,815,66,0.034829169511795044,2.8212771113534467,0.5232297871660091,0.1992822459794936,0.36125601657275136,1
15,245,815,66,0.03360437601804733,2.916515206591542,0.4967468805973137,0.20865695991504768,0.3527019202561807,1
15,246,815,66,0.03292645141482353,3.0117533018296374,0.4820885614443758,0.21803167385060168,0.35006011764748873,1
15,247,815,66,0.03388559818267822,3.1069913970677328,0.5028275630543845,0.22740638778615577,0.3651169754202701,1
15,248,815,67,0.03415277972817421,2.34339028232158,0.5086046544109029,0.15224169666419454,0.3304231755375487,1
15,249,815,67,0.03287390246987343,2.423320812633789,0.48095233006618743,0.16010961815633248,0.32053097411125997,1
15,250,815,67,0.03349708020687103,2.535562825639161,0.49442689363044984,0.1711581041728315,0.33279249890164064,1
15,251,815,67,0.03338337689638138,2.5831818732582086,0.49196836150758966,0.1758454611406085,0.3339069113240991,1
15,252,815,68,0.0351557657122612,1.8008804879033886,0.5302915626463561,0.0988400183001734,0.3145657904732648,1
15,253,815,68,0.034749213606119156,1.8042731935861696,0.5215009530478993,0.09917397757523119,0.31033746531156525,1
15,254,815,69,0.03404346480965614,1.2805040591300145,0.5062410096099983,0.04761702663533968,0.276929018122669,1
15,255,815,69,0.032666776329278946,1.2073589401833673,0.47647377734909724,0.04041702369331733,0.2584454005212073,1
15,256,815,69,0.03134183958172798,1.2311482693162084,0.44782553887139437,0.04275871432437815,0.24529212659788627,1
15,257,815,69,0.03159596771001816,1.3450866351629707,0.4533203847473249,0.05397417997840607,0.2536472823628655,1
15,258,815,69,0.0317966528236866,1.4879437780201135,0.45765966736283503,0.06803625088173712,0.2628479591222861,1
15,259,815,69,0.03177342191338539,1.6308009208772565,0.45715736062283907,0.08209832178506818,0.2696278412039536,1
15,260,815,69,0.03358647972345352,1.7736580637343993,0.49635992075463564,0.09616039268839924,0.29626015672151745,1
15,261,815,69,0.03383203223347664,1.916515206591542,0.5016693416601572,0.11022246359173028,0.30594590262594373,1
15,262,815,69,0.032954830676317215,2.059372349448685,0.4827021876062246,0.12428453449506133,0.30349336105064295,1
15,263,815,69,0.03343324735760689,2.2022294923058277,0.49304667778859124,0.13834660539839239,0.3156966415934918,1
15,264,815,69,0.032971326261758804,2.3450866351629704,0.48305886083340577,0.15240867630172342,0.3177337685675646,1
15,265,815,69,0.03271987661719322,2.4879437780201137,0.4776219300546621,0.1664707472050545,0.3220463386298583,1
15,266,815,69,0.0327102392911911,2.6308009208772565,0.4774135484741025,0.18053281810838556,0.32897318329124403,1
15,267,815,69,0.033564772456884384,2.7736580637343993,0.49589055876394345,0.1945948890117166,0.34524272388783,1
15,268,815,69,0.03339999541640282,2.916515206591542,0.4923276928685778,0.20865695991504768,0.3504923263918127,1
15,269,815,70,0.03459108620882034,2.15291409184539,0.5180818680266345,0.13349226879308648,0.3257870684098605,1
15,270,815,70,0.03363647311925888,2.232844622157599,0.49744089516944406,0.14136019028522442,0.31940054272733426,1
15,271,815,70,0.03543825447559357,2.3450866351629704,0.5363996319365889,0.15240867630172342,0.34440415411915615,1
15,272,815,70,0.03445912152528763,2.4879437780201137,0.5152284822091848,0.1664707472050545,0.34084961470711966,1
15,273,815,70,0.0347084105014801,2.5831818732582086,0.5206186942725344,0.1758454611406085,0.34823207770657144,1
15,274,815,70,0.034867722541093826,2.678419968496304,0.5240633940377567,0.18522017507616256,0.3546417845569596,1
15,275,815,70,0.034616872668266296,2.726039016115352,0.5186394317300103,0.1899075320439396,0.35427348188697494,1
15,276,815,70,0.0345810241997242,2.7736580637343993,0.5178643038020146,0.1945948890117166,0.35622959640686563,1
15,277,815,70,0.03314444050192833,2.8212771113534467,0.48680199653058526,0.1992822459794936,0.3430421212550394,1
15,278,815,70,0.034403908997774124,2.8688961589724946,0.5140346579318468,0.20396960294727068,0.35900213043955875,1
15,279,815,70,0.03305845707654953,2.916515206591542,0.48494283330642773,0.20865695991504768,0.34679989661073773,1
15,280,815,70,0.03264143317937851,2.9641342542105895,0.4759257990373281,0.21334431688282468,0.34463505796007643,1
15,281,815,70,0.03243974968791008,3.0117533018296374,0.47156492915332554,0.21803167385060168,0.3447983015019636,1
15,282,815,70,0.03423534333705902,3.059372349448685,0.5103898731855228,0.22271903081837868,0.3665544520019507,1
15,283,815,70,0.034135300666093826,3.1069913970677328,0.5082267161132664,0.22740638778615577,0.3678165519497111,1
15,284,815,73,0.033191338181495667,1.419968496304376,0.4878160343031653,0.06134513826361289,0.2745805862833891,1
15,285,815,73,0.03237876668572426,1.357041883759442,0.47024633368608154,0.05515098885241977,0.2626986612692507,1
15,286,815,73,0.03328837454319,1.326426753907671,0.4899141879214164,0.05213740396558774,0.27102579594350207,1
15,287,815,73,0.03420063480734825,1.3281231067490615,0.509639393407373,0.05230438360311664,0.2809718885052448,1
15,288,815,73,0.033827509731054306,1.3621309422836148,0.5015715545558668,0.055651927765006604,0.2786117411604367,1
15,289,815,73,0.03254551813006401,1.4284502605113294,0.4738518908213763,0.0621800364512575,0.2680159636363169,1
15,290,815,73,0.03370055556297302,1.4794620138131593,0.4988265078284258,0.06720135269409244,0.2830139302612591,1
15,291,815,73,0.03304050862789154,1.5627852498081505,0.48455474577061947,0.07540323346128831,0.2799789896159539,1
15,292,815,73,0.033008087426424026,1.6784199684963046,0.48385372339118,0.08678567875284525,0.2853197010720126,1
15,293,815,73,0.03131934255361557,1.8212771113534476,0.44733910038473057,0.10084774965617632,0.2740934250204534,1
15,294,815,73,0.03298907354474068,1.9641342542105904,0.4834425986957119,0.11490982055950737,0.2991762096276096,1
15,295,815,73,0.03326023742556572,2.106991397067733,0.4893057974776721,0.1289718914628384,0.30913884447025525,1
15,296,815,75,0.033445656299591064,0.8927662668120698,0.4933149882040701,0.009450252343007762,0.2513826202735389,1
15,297,815,75,0.03289157897233963,0.9165555959449095,0.4813345374878168,0.01179194297406846,0.24656324023094262,1
15,298,815,75,0.03199043497443199,1.0049678904640749,0.4618496917376119,0.020494762653851292,0.24117222719573161,1
15,299,815,75,0.03225152939558029,1.1495213861626081,0.4674951651959338,0.03472381319471124,0.2511094891953225,1
15,300,815,75,0.03279111906886101,1.3263863645543044,0.4791623588705188,0.052133428259932266,0.2656478935652255,1
15,301,815,75,0.033825475722551346,1.5355628256391618,0.5015275745237888,0.0727236078495142,0.2871255911866515,1
15,302,815,75,0.03315543010830879,1.7736580637344,0.4870396175830208,0.0961603926883993,0.29160000513571005,1
15,303,815,75,0.03345273807644844,2.011753301829638,0.49346811282124975,0.11959717752728437,0.30653264517426704,1
15,304,815,75,0.03386550024151802,2.249848539924876,0.50239299845171,0.14303396236616947,0.32271348040893977,1
15,305,815,76,0.03188442438840866,1.4862474251787237,0.45955749435145665,0.06786927124420829,0.26371338279783246,1
15,306,815,76,0.03328869864344597,1.5661779554909327,0.48992119572872556,0.07573719273634624,0.2828291942325359,1
15,307,815,76,0.032701291143894196,1.6784199684963046,0.47722006855276344,0.08678567875284525,0.28200287365280435,1
15,308,815,76,0.031987082213163376,1.8212771113534476,0.46177719717924176,0.10084774965617632,0.28131247341770904,1
15,309,815,76,0.03190676122903824,1.9641342542105904,0.46004046920922054,0.11490982055950737,0.28747514488436393,1
15,310,815,76,0.032674919813871384,2.106991397067733,0.47664985857642744,0.1289718914628384,0.30281087501963294,1
15,311,815,76,0.03243197873234749,2.249848539924876,0.47139690287692537,0.14303396236616947,0.30721543262154744,1
15,312,815,76,0.03138236328959465,2.392705682782019,0.44870175643356175,0.1570960332695005,0.3028988948515311,1
15,313,815,78,0.031673185527324677,1.0985096328607797,0.4549900149760991,0.029702496951876437,0.24234625596398776,1
15,314,815,78,0.030655749142169952,1.1784401631729888,0.43299065519407043,0.03757041844401439,0.2352805368190424,1
15,315,815,78,0.033182062208652496,1.2906821761783607,0.4876154660250078,0.04861890446051341,0.2681171852427606,1
15,316,815,78,0.03332463651895523,1.435235671876894,0.4906982568449444,0.06284795500137336,0.27677310592315885,1
15,317,815,78,0.03286575525999069,1.5168625550304948,0.4807761682893479,0.07088285613104034,0.27582951221019414,1
15,318,815,78,0.03269133344292641,1.6308009208772571,0.4770047597144041,0.08209832178506825,0.27955154074973615,1
15,319,815,78,0.03303730860352516,1.7736580637344,0.4844855537421306,0.0961603926883993,0.29032297321526496,1
15,320,815,78,0.031943775713443756,1.9165152065915427,0.4608408091336271,0.11022246359173034,0.28553163636267875,1
15,321,815,79,0.031225714832544327,1.200533139464438,0.44531464956748906,0.03974512943754619,0.24252988950251764,1
15,322,815,79,0.031208526343107224,1.3280827173956946,0.444942994131578,0.05230040789746115,0.24862170101451958,1
15,323,815,79,0.03242241218686104,1.4879437780201141,0.4711900517370425,0.06803625088173718,0.26961315130938984,1
15,324,815,79,0.03183687478303909,1.6784199684963046,0.4585293604147491,0.08678567875284525,0.2726575195837972,1
15,325,815,79,0.029728690162301064,1.868896158972495,0.4129454667824189,0.10553510662395332,0.2592402867031861,1
15,326,815,79,0.0316900871694088,2.011753301829638,0.455355468099794,0.11959717752728437,0.2874763228135392,1
15,327,815,82,0.028705250471830368,0.947291893856781,0.390816301466153,0.014817454977866962,0.20281687822200997,1
15,328,815,82,0.02962598390877247,0.7976089502807069,0.41072471681101286,8.348981876456977e-05,0.2054041033148887,1
15,329,815,82,0.03305969759821892,0.7125489720909584,0.4849696562930247,0.0,0.24248482814651234,1
15,330,815,82,0.033068228513002396,0.6972010178117054,0.4851541146693221,0.0,0.24257705733466106,1
15,331,815,82,0.0319647490978241,0.7686093945635941,0.46129430287098716,0.0,0.23064715143549358,1
15,332,815,82,0.032473888248205185,0.9046407367018057,0.4723030848565524,0.010619109805710309,0.24146109733113136,1
15,333,815,82,0.03367447108030319,1.0985096328607784,0.49826250016430595,0.02970249695187631,0.26398249855809114,1
15,334,815,82,0.03311360254883766,1.2294519164748172,0.4861352076925983,0.04259173468684919,0.26436347118972375,1
15,335,815,82,0.032833267003297806,1.392705682782019,0.480073696018741,0.05866153694618316,0.2693676164824621,1
15,336,815,82,0.032144028693437576,1.5831818732582095,0.46517074800605845,0.07741096481729123,0.27129085641167483,1
15,337,815,82,0.03322910889983177,1.7736580637344,0.4886327257779598,0.0961603926883993,0.29239655923317953,1
15,338,815,82,0.031481772661209106,1.9641342542105904,0.4508512200892371,0.11490982055950737,0.2828805203243722,1
15,339,815,83,0.031121736392378807,1.2957712347025332,0.443066391938657,0.049119843373100214,0.2460931176558786,1
15,340,815,83,0.03180588036775589,1.4709398602528376,0.45785918849737156,0.06636247880079221,0.2621108336490819,1
15,341,815,83,0.03281857445836067,1.6784199684963046,0.4797560087540611,0.08678567875284525,0.2832708437534532,1
15,342,815,83,0.03126185014843941,1.868896158972495,0.4460959798077008,0.10553510662395332,0.2758155432158271,1
15,343,815,83,0.032465994358062744,2.0593723494486857,0.4721324004463453,0.12428453449506141,0.29820846747070334,1
15,344,815,83,0.03200832009315491,2.249848539924876,0.4622364099317621,0.14303396236616947,0.3026351861489658,1
15,345,815,83,0.03235882148146629,2.4403247304010667,0.4698150716132884,0.16178339023727756,0.31579923092528295,1
15,346,815,83,0.031250886619091034,2.630800920877257,0.4458589226018304,0.1805328181083856,0.313195870355108,1
15,347,815,87,0.03239007294178009,1.523809523809525,0.4704908014468076,0.07156667750377799,0.2710287394752928,1
15,348,815,87,0.03191008418798447,1.3180257684074486,0.4601123193715163,0.051310457189253846,0.2557113882803851,1
15,349,815,87,0.03131033107638359,1.1445534956985346,0.4471442511217334,0.03423480139909075,0.24068952626041207,1
15,350,815,87,0.03300010412931442,1.0033927056827823,0.4836811057927497,0.0203397101332886,0.25201040796301916,0
15,351,815,87,0.033348388969898224,0.901328809725757,0.49121184051624234,0.010293101941963352,0.2507524712291028,0
15,352,815,89,0.033629536628723145,1.7025324124560763,0.49729091198312714,0.0891591750291496,0.29322504350613837,0
15,353,815,89,0.03446987271308899,1.4049032674986865,0.5154609480930251,0.05986220005412932,0.28766157407357723,0
15,354,815,89,0.03417690843343735,1.1718970879276212,0.5091263735826401,0.03692635412783106,0.2730263638552356,0
15,355,815,89,0.03179851174354553,1.00351387374288,0.4576998615679758,0.020351637250254788,0.2390257494091153,0
15,356,815,89,0.03285917267203331,0.8997536249444631,0.4806338373064145,0.010138049421400529,0.2453859433639075,0
15,357,815,89,0.033251672983169556,0.870794458580717,0.489120614155791,0.007287468466442031,0.2482040413111165,0
15,358,815,89,0.031151283532381058,0.9353770346136744,0.4437052703716714,0.013644621809508537,0.22867494609058997,0
15,359,815,89,0.03318745270371437,1.0645825760329575,0.48773202116496517,0.026362904201297187,0.25704746268313117,0
15,360,815,89,0.033145882189273834,1.1989175653297786,0.4868331691906844,0.039586101211328,0.2632096352010062,0
15,361,815,89,0.032982517033815384,1.3655640373197624,0.48330083155934356,0.055989862745719876,0.26964534715253174,0
15,362,815,89,0.034693069756031036,1.5645219920029079,0.5202869913932362,0.0755741888044727,0.2979305900988545,0
15,363,815,89,0.03565032407641411,1.795791429379216,0.5409850738525205,0.0983390793875866,0.3196620766200535,0
15,364,815,89,0.03490736335515976,2.0593723494486857,0.5249205213662199,0.12428453449506141,0.32460252793064065,0
15,365,815,89,0.038018375635147095,2.3450866351629713,0.5921878998798582,0.1524086763017235,0.37229828809079085,0
15,366,815,89,0.0377570204436779,2.630800920877257,0.5865367879558853,0.1805328181083856,0.38353480303213544,0
15,367,815,89,0.036029741168022156,2.916515206591543,0.5491889608252347,0.20865695991504776,0.3789229603701412,0
15,368,815,90,0.03603408858180046,2.1529140918453904,0.5492829621025881,0.13349226879308654,0.3413876154478373,0
15,369,815,90,0.03555366396903992,2.2328446221575993,0.5388950557347086,0.14136019028522448,0.3401276230099666,0
15,370,815,91,0.0349724106490612,1.6699382042893511,0.5263269963481104,0.08595078056520064,0.30613888845665554,0
15,371,815,91,0.03720535337924957,1.703946039823903,0.5746084527721491,0.08929832472709048,0.33195338874961977,0
15,372,815,91,0.03734031319618225,1.8025768407447804,0.5775266003950761,0.09900699793770243,0.33826679916638924,0
15,373,815,91,0.03560226783156395,1.868896158972495,0.5399459851825481,0.10553510662395332,0.32274054590325074,0
15,374,815,91,0.036814913153648376,1.9641342542105904,0.5661662198014156,0.11490982055950737,0.3405380201804615,0
15,375,815,91,0.03884533792734146,2.0593723494486857,0.6100687632513685,0.12428453449506141,0.36717664887321494,0
15,376,815,92,0.038183052092790604,1.2957712347025332,0.5957485909384728,0.049119843373100214,0.32243421715578646,0
15,377,815,92,0.038721926510334015,1.3757017650147423,0.607400319107272,0.05698776486523817,0.3321940419862551,0
15,378,815,95,0.03759138286113739,1.4966678783472687,0.5829553151238712,0.06889500330331473,0.325925159213593,0
15,379,815,95,0.037541378289461136,1.2432650753261445,0.5818740990605349,0.04395142602101357,0.3129127625407742,0
15,380,815,96,0.03568347170948982,1.750151460075124,0.5417018033862735,0.09384653199692662,0.31777416769160005,0
15,381,815,96,0.03525520861148834,1.4508259622763424,0.5324417512476152,0.06438257738437732,0.29841216431599626,0
15,382,815,96,0.03715042024850845,1.2161234298638866,0.5734206697080086,0.04127975182055015,0.3073502107642794,0
15,383,815,96,0.03544895723462105,1.044347509996363,0.5366310506768084,0.02437107566791595,0.2805010631723622,0
15,384,815,96,0.03592600300908089,0.9048830728220025,0.5469458986397525,0.010642964039642834,0.27879443133969767,0
15,385,815,98,0.03714862838387489,1.988246698170362,0.5733819253940352,0.1172833168358117,0.34533262111492347,0
15,386,815,98,0.03488364815711975,1.595379457974877,0.5244077431900149,0.07861162792523739,0.30150968555762614,0
15,387,815,98,0.03538980334997177,1.272224241689889,0.5353520050186308,0.04680200697597191,0.29107700599730135,0
15,388,815,98,0.03632791340351105,1.0460034734843882,0.5556361435496213,0.024534079599789507,0.2900851115747054,0
15,389,815,98,0.038865357637405396,0.9592471424532478,0.6105016363143476,0.015994263851880217,0.3132479500831139,0
15,390,815,98,0.039091046899557114,0.9371137768084317,0.6153815672362806,0.013815577152692922,0.3145985721944867,0
15,391,815,98,0.03819295018911362,1.0238297184862053,0.5959626109846833,0.022351417194946734,0.309157014089815,0
15,392,815,101,0.038150936365127563,2.131103841027505,0.5950541736187959,0.13134538773914275,0.3631997806789693,0
15,393,815,101,0.03754528984427452,1.68722484753019,0.5819586760453,0.0876523825857335,0.33480552931551677,0
15,394,815,101,0.039607465267181396,1.2807463952502107,0.6265477429630184,0.047640880869272144,0.33709431191614525,0
15,395,815,101,0.040070369839668274,0.9473726725635107,0.6365568249886591,0.014825406389177542,0.3256911156889183,0
15,396,815,101,0.039758794009685516,0.7211115150046442,0.6298198251298104,0.0,0.3149099125649052,0
15,397,815,101,0.04089516028761864,0.6717153358374726,0.6543907279962474,0.0,0.3271953639981237,0
15,398,815,101,0.04217934235930443,0.7413869703946039,0.6821577548422063,0.0,0.34107887742110315,0
15,399,815,101,0.043114081025123596,0.9437376307605315,0.7023689960672802,0.014467592880187086,0.35841829447373363,0
15,400,815,101,0.04368627071380615,1.2022294923058285,0.714741078497751,0.039912109075075086,0.3773265937864131,0
15,401,815,101,0.044676024466753006,1.4403247304010667,0.73614187487617,0.06334889391396017,0.3997453843950651,0
15,402,815,101,0.045506518334150314,1.6784199684963046,0.754099099182497,0.08678567875284525,0.4204423889676711,0
15,403,815,101,0.04438849911093712,1.9165152065915427,0.7299249026493634,0.11022246359173034,0.4200736831205469,0
15,404,815,101,0.0453358069062233,2.1546104446867806,0.7504079179188161,0.1336592484306154,0.44203358317471575,0
15,405,815,101,0.04351908341050148,2.392705682782019,0.7111260970698682,0.1570960332695005,0.43411106516968434,0
15,406,815,101,0.04357017204165459,2.535562825639162,0.7122307530404108,0.1711581041728316,0.4416944286066212,0
15,407,815,101,0.043629150837659836,2.678419968496305,0.7135060128716514,0.18522017507616265,0.449363093973907,0
15,408,815,101,0.044783815741539,2.8212771113534476,0.7384725749277709,0.19928224597949368,0.4688774104536323,0
15,409,815,101,0.04570085182785988,2.9641342542105904,0.7583010448846502,0.21334431688282476,0.4858226808837375,0
15,410,815,101,0.050805963575839996,3.106991397067733,0.8686855285830553,0.22740638778615577,0.5480459581846056,0
15,411,815,102,0.06222699210047722,2.3910093299406285,1.1156349391411384,0.15692905363197163,0.636281996386555,0
15,412,815,103,0.06579459458589554,1.9080334423845893,1.1927748682621535,0.10938756540408574,0.6510812168331196,0
15,413,815,103,0.06271599233150482,1.8451068298396553,1.126208270479427,0.10319341599289263,0.6147008432361598,0
15,414,815,104,0.05739659443497658,1.419968496304376,1.0111904179070568,0.06134513826361289,0.5362677780853349,0
15,415,815,104,0.05774277448654175,1.311119188981785,1.018675642157795,0.05063061152217167,0.5346531268399833,0
15,416,815,104,0.05973391979932785,1.2668928470455196,1.0617288715816866,0.04627721382945258,0.5540030427055695,0
15,417,815,105,0.05789058655500412,0.976129892160428,1.0218716855878076,0.017656108815859134,0.5197638972018334,0
15,418,815,105,0.06672799587249756,0.8553657255947344,1.2129571922133888,0.005768748906059883,0.6093629705597243,0
15,419,815,105,0.10046417266130447,0.8315360071085265,1.9424124207427114,0.003423082569343558,0.9729177516560275,0
15,420,815,105,0.09246121346950531,0.9046407367018057,1.769369682002334,0.010619109805710309,0.8899943959040221,0
15,421,815,106,0.049079347401857376,0.5560806171493198,0.8313520392650602,0.0,0.4156760196325301,0
15,422,815,107,0.045008935034275055,0.7823821640615544,0.7433401817747809,0.0,0.37167009088739045,0
15,423,815,107,0.042627304792404175,0.537461125247385,0.6918437527860439,0.0,0.34592187639302197,0
15,424,815,107,0.04641992598772049,0.39795629871965754,0.7738491139173179,0.0,0.38692455695865896,0
15,425,815,107,0.042128439992666245,0.4183125328163496,0.6810571263471287,0.0,0.34052856317356434,0
15,426,815,108,0.03870463743805885,0.512015832626519,0.6070264888346099,0.0,0.30351324441730493,0
15,427,815,108,0.03873284533619881,0.36568520537986027,0.6076364097190309,0.0,0.30381820485951544,0
15,428,815,108,0.03992883488535881,0.4098307686093933,0.6334965074818173,0.0,0.31674825374090865,0
15,429,815,110,0.04012436047196388,1.3691990791227429,0.6377242290269466,0.05634767625471046,0.34703595264082854,0
15,430,815,110,0.038766324520111084,0.9729391332444758,0.6083603081591116,0.017342028069078242,0.3128511681140949,0
15,431,815,110,0.0392274372279644,0.6140797285835442,0.6183306458707789,0.0,0.30916532293538945,0
15,432,815,110,0.03882584348320961,0.3895149238660681,0.6096472476692006,0.0,0.3048236238346003,0
15,433,815,110,0.03874930366873741,0.3809119915990141,0.6079922774511191,0.0,0.30399613872555953,0
15,434,815,111,0.041439834982156754,0.5256270447110134,0.6661678717510271,0.0,0.33308393587551355,0
15,435,815,112,0.039168789982795715,1.0392584514721919,0.6170625549458661,0.023870136755329275,0.3204663458505977,0
15,436,815,112,0.04060409218072891,0.726321741588916,0.6480971531860963,0.0,0.32404857659304814,0
15,437,815,112,0.038455888628959656,0.4881861141403111,0.6016479564501088,0.0,0.3008239782250544,0
15,438,815,112,0.03826889395713806,0.4320045236075763,0.5976046932812769,0.0,0.2988023466406384,0
15,439,815,112,0.036648381501436234,0.5152469808958353,0.5625654150871695,0.0,0.28128270754358475,0
15,440,815,114,0.03625265881419182,1.1787228886465524,0.5540089629122483,0.037598248383602394,0.29580360564792535,0
15,441,815,114,0.03826532140374184,0.792641059816632,0.597527446301858,0.0,0.298763723150929,0
15,442,815,114,0.03653813153505325,0.5511127266852449,0.5601815523594307,0.0,0.28009077617971534,0
15,443,815,114,0.036062080413103104,0.45922694777656503,0.5498882111154696,0.0,0.2749441055577348,0
15,444,815,114,0.03583064302802086,0.5016761581647077,0.5448839923006865,0.0,0.27244199615034326,0
15,445,815,114,0.03388673812150955,0.6733712993254974,0.5028522112042303,0.0,0.25142610560211515,0
15,446,815,114,0.034122392535209656,0.9641342542105904,0.5079476120635413,0.016475324236189998,0.2622114681498657,0
15,447,815,114,0.03518246114253998,1.249848539924876,0.5308687804300012,0.04459946604285209,0.28773412323642666,0
15,448,815,114,0.036284007132053375,1.5355628256391618,0.5546867870330093,0.0727236078495142,0.3137051974412618,0
15,449,815,114,0.035732854157686234,1.8212771113534476,0.5427695676815567,0.10084774965617632,0.32180865866886654,0
15,450,815,116,0.03686068207025528,0.6223595460236704,0.5671558510726776,0.0,0.2835779255363388,0
15,451,815,116,0.0345904566347599,0.7022496869825126,0.5180682551595627,0.0,0.25903412757978134,0
15,452,815,117,0.03343008831143379,0.6207439718890109,0.49297837180470466,0.0,0.24648918590235233,0
15,453,815,117,0.034517887979745865,0.5934811583666539,0.5164991507183951,0.0,0.25824957535919757,0
15,454,815,117,0.03419557213783264,0.6954642756169481,0.509529926624234,0.0,0.254764963312117,0
15,455,815,117,0.035634130239486694,0.857021689082758,0.5406349251355925,0.0059317528379332855,0.2732833389867629,0
15,456,815,117,0.034548137336969376,1.003271537622683,0.5171532127339127,0.02032778301632226,0.26874049787511745,0
15,457,815,121,0.033655159175395966,2.6549133648370287,0.4978449315080938,0.18290631438468996,0.3403756229463919,0
15,458,815,121,0.03339535742998123,2.2586534189587617,0.49222740872949905,0.14390066619905773,0.31806403746427836,0
15,459,815,121,0.03424384072422981,1.8947049557736573,0.5105736066162365,0.10807558253778657,0.30932459457701156,0
15,460,815,121,0.033085040748119354,1.5630679752817143,0.48551763460479386,0.07543106340087632,0.2804743490028351,0
15,461,815,121,0.03496313467621803,1.3589805727210293,0.526126428069953,0.0553418227238812,0.2907341253969171,0
15,462,815,121,0.03557777404785156,1.187204652853506,0.5394163721588994,0.038433146571247016,0.28892475936507317,0
15,463,815,121,0.033309001475572586,1.0477402156791453,0.49036019055441155,0.02470503494297388,0.2575326127486927,0
15,464,815,121,0.03355114534497261,0.9473726725635107,0.4955959086589234,0.014825406389177542,0.2552106575240505,0
15,465,815,121,0.03403576463460922,0.920109859041155,0.5060745137742748,0.012141805071747941,0.25910815942301135,0
15,466,815,121,0.031825970858335495,0.9897814935982865,0.4582935920010275,0.018999897327401406,0.23864674466421446,0
15,467,815,121,0.03445260226726532,1.1479058120279486,0.5150875205679094,0.03456478496849305,0.2748261527682012,0
15,468,815,121,0.03164132684469223,1.3706530958439351,0.4543011555725639,0.05649080165830671,0.2553959786154353,0
15,469,815,122,0.03211797773838043,0.967607738600105,0.4646074652875223,0.01681723492255877,0.24071235010504052,0
15,470,815,125,0.03119039535522461,1.843652813118462,0.444550959669814,0.10305029058929627,0.27380062512955516,0
15,471,815,125,0.030655626207590103,1.5188012439920835,0.43298799706026353,0.0710736900025019,0.2520308435313827,0
15,472,815,125,0.030906006693840027,1.2585726402520292,0.4384018101298381,0.0454582184644295,0.2419300142971338,0
15,473,815,125,0.03162681311368942,1.110586049517347,0.4539873346843304,0.030891232942856152,0.24243928381359328,0
15,474,815,125,0.02975119836628437,1.0272224241689887,0.41343214691761054,0.022685376470004775,0.21805876169380767,0
15,475,815,125,0.03033498302102089,1.0084817642069548,0.42605493969577823,0.020840649045875407,0.22344779437082682,0
15,476,815,126,0.03019442968070507,0.9353770346136757,0.42301584698463696,0.013644621809508668,0.2183302343970728,0
15,477,815,126,0.02964119054377079,0.8400985500222137,0.4110535199079762,0.004265932168299146,0.20765972603813765,0
15,478,815,126,0.028498508036136627,0.8298800436205015,0.38634604534852074,0.003260078637470014,0.19480306199299538,0
15,479,815,126,0.030888674780726433,0.8825881497637218,0.438027053537819,0.008448374517833854,0.22323771402782644,0
15,480,815,126,0.030728714540600777,0.967607738600105,0.43456833815797846,0.01681723492255877,0.22569278654026861,0
15,481,815,126,0.02935386635363102,1.0917242214952139,0.4048408973546717,0.02903457840176045,0.21693773787821607,0
15,482,815,126,0.02890309877693653,1.2736782584110826,0.395094245630331,0.04694513237956829,0.22101968900494964,0
15,483,815,127,0.03013456054031849,0.8162688315360072,0.4217213358206737,0.0019202658315829629,0.21182080082612834,0
15,484,815,127,0.028325434774160385,0.9284704551880122,0.38260379569594355,0.012964776142426492,0.197784285919185,0
15,485,815,127,0.028228674083948135,1.1291247627125494,0.38051160274138063,0.03271608183870834,0.20661384229004448,0
15,486,815,127,0.028559096157550812,1.392705682782019,0.38765610256777894,0.05866153694618316,0.22315881975698104,0
15,487,815,127,0.028844503685832024,1.6784199684963046,0.3938272823985485,0.08678567875284525,0.24030648057569687,0
15,488,815,129,0.028110021725296974,0.8741063855567683,0.37794606059541513,0.007613476330189249,0.1927797684628022,0
15,489,815,129,0.029474206268787384,0.8570620784361263,0.40744292842835017,0.005935728543588914,0.20668932848596955,0
15,490,815,131,0.02941347099840641,1.2585726402520305,0.4061296895034746,0.045458218464429635,0.22579395398395213,0
15,491,815,131,0.02870185859501362,1.0136516014378625,0.39074296113793516,0.02134953936977334,0.20604625025385426,0
15,492,815,131,0.030250178650021553,0.8333535280100174,0.4242212703913142,0.003601989323838916,0.21391162985757656,0
15,493,815,131,0.029517509043216705,0.7176784199684965,0.40837923592445546,0.0,0.20418961796222773,0
15,494,815,131,0.02987896464765072,0.6598408659477354,0.41619475343807893,0.0,0.20809737671903947,0
15,495,815,131,0.030789922922849655,0.6734116886788643,0.4358918068705351,0.0,0.21794590343526754,0
15,496,815,132,0.029807526618242264,0.6973221858718045,0.41465009577298395,0.0,0.20732504788649198,0
15,497,815,132,0.028530506417155266,0.5799507249888946,0.38703792535865467,0.0,0.19351896267932733,0
15,498,815,133,0.028543025255203247,0.8572640252029549,0.38730861198465794,0.00595560707186581,0.19663210952826188,0
15,499,815,133,0.02904842235147953,0.658265681166444,0.39823648198813116,0.0,0.19911824099406558,0
15,500,815,134,0.028382619842886925,1.0783553455309172,0.383840270938456,0.027718619829805998,0.205779445384131,1
15,501,815,134,0.02861897461116314,0.8011228240235863,0.3889508151055154,0.00042937621078863056,0.194690095658152,1
15,502,815,134,0.02883084863424301,0.624217456278522,0.3935320281722086,0.0,0.1967660140861043,1
15,503,815,134,0.03047662414610386,0.5833434306716734,0.4291175528636351,0.0,0.21455877643181756,1
15,504,815,134,0.03007180616259575,0.7159416777737372,0.4203644390617575,0.0,0.21018221953087876,1
15,505,815,137,0.029317444190382957,2.083484793408457,0.4040533648022438,0.12665803077136573,0.2653556977868048,1
15,506,815,137,0.030085934326052666,1.6396057999111437,0.42066992307577844,0.08296502561795661,0.2518174743468675,1
15,507,815,137,0.030003663152456284,1.2280382891069905,0.41889102743763856,0.04245258498890831,0.23067180621327343,1
15,508,815,137,0.031170297414064407,0.8589603780443453,0.44411639506713957,0.00612258670939471,0.22511949088826713,1
15,509,815,137,0.029572946950793266,0.654832586130295,0.40957793344710614,0.0,0.20478896672355307,1
15,510,815,137,0.030497433617711067,0.5544246536612948,0.4295675024225859,0.0,0.21478375121129295,1
15,511,815,137,0.030224470421671867,0.5798699462821595,0.42366539822763366,0.0,0.21183269911381683,1
15,512,815,138,0.030648602172732353,0.6123429863887869,0.432836120960478,0.0,0.216418060480239,1
15,513,815,138,0.03075111098587513,0.5221535603215002,0.4350526018078912,0.0,0.2175263009039456,1
15,514,815,138,0.0296510998159647,0.5713881820752046,0.41126778160271465,0.0,0.20563389080135733,1
15,515,815,138,0.03140430897474289,0.772002100246375,0.4491762735928491,0.0,0.22458813679642456,1
15,516,815,138,0.03085184656083584,1.0593723494486855,0.4372307410888774,0.02585003817174402,0.2315403896303107,1
15,517,815,138,0.030558085069060326,1.3450866351629713,0.4308789289835022,0.05397417997840614,0.24242655448095418,1
15,518,815,138,0.03005668893456459,1.6308009208772571,0.4200375691530174,0.08209832178506825,0.2510679454690428,1
15,519,815,138,0.02901359274983406,1.868896158972495,0.39748338435092906,0.10553510662395332,0.2515092454874412,1
15,520,815,138,0.030119575560092926,2.106991397067733,0.42139732541951375,0.1289718914628384,0.2751846084411761,1
15,521,815,138,0.029347999021410942,2.297467587543924,0.4047140318775239,0.1477213193339465,0.2762176756057352,1
15,522,815,138,0.030115321278572083,2.487943778020114,0.42130533787989294,0.16647074720505456,0.29388804254247375,1
15,523,815,138,0.030157702043652534,2.678419968496305,0.42222170937244646,0.18522017507616265,0.30372094222430457,1
15,524,815,139,0.029258504509925842,2.0100569489882476,0.40277895074085096,0.1194301978897555,0.2611045743153032,1
15,525,815,139,0.029172256588935852,2.185225574538553,0.40091406850153316,0.1366728333174476,0.26879345090949036,1
15,526,815,139,0.031094303354620934,2.249848539924876,0.4424732253521705,0.14303396236616947,0.29275359385917,1
15,527,815,139,0.030707532539963722,2.3450866351629713,0.43411033364809765,0.1524086763017235,0.2932595049749106,1
15,528,815,139,0.031076719984412193,2.4403247304010667,0.44209303166827363,0.16178339023727756,0.3019382109527756,1
15,529,815,139,0.0313151516020298,2.535562825639162,0.4472484821867678,0.1711581041728316,0.3092032931797997,1
15,530,815,139,0.031111570075154305,2.630800920877257,0.4428465723277768,0.1805328181083856,0.3116896952180812,1
15,531,815,139,0.03301483392715454,2.7260390161153523,0.4839995985525226,0.18990753204393965,0.3369535652982311,1
15,532,815,139,0.03157886117696762,2.8212771113534476,0.4529505014006185,0.19928224597949368,0.3261163736900561,1
15,533,815,141,0.031546108424663544,1.4318429661941117,0.4522423101148513,0.06251399572631543,0.25737815292058336,1
15,534,815,141,0.03139420971274376,1.4165354012682267,0.44895790387313633,0.061007203282899464,0.2549825535780179,1
15,535,815,142,0.03212738782167435,1.039016115351995,0.46481093334801454,0.02384628252139675,0.24432860793470565,1
15,536,815,142,0.030882902443408966,0.977785855648453,0.43790224207315837,0.017819112747732676,0.22786067741044552,1
15,537,815,142,0.03097851201891899,0.9811785613312338,0.43996954522934756,0.018153072022790463,0.22906130862606902,1
15,538,815,142,0.03149738535284996,1.0474978795589498,0.4511888030827142,0.024681180709041486,0.23793499189587783,1
15,539,815,142,0.03202366828918457,1.1461286804798259,0.4625682739100789,0.03438985391965331,0.2484790639148661,1
15,540,815,142,0.0311653520911932,1.277070964093865,0.44400946559354354,0.04727909165462622,0.2456442786240849,1
15,541,815,142,0.032335951924324036,1.4403247304010667,0.46932057817569456,0.06334889391396017,0.2663347360448274,1
15,542,815,142,0.03145338594913483,1.6308009208772571,0.4502374328283697,0.08209832178506825,0.266167877306719,1
15,543,815,142,0.03247924894094467,1.8212771113534476,0.4724189956004354,0.10084774965617632,0.28663337262830585,1
15,544,815,142,0.03148346021771431,2.011753301829638,0.4508877090169501,0.11959717752728437,0.28524244327211723,1
15,545,815,142,0.03233110159635544,2.1546104446867806,0.46921570271458574,0.1336592484306154,0.3014374755726006,1
15,546,815,142,0.03270652890205383,2.297467587543924,0.4773333211628395,0.1477213193339465,0.312527320248393,1
15,547,815,142,0.03215043991804123,2.4403247304010667,0.46530937371156406,0.16178339023727756,0.3135463819744208,1
15,548,815,142,0.03104863129556179,2.5831818732582095,0.4414856883681502,0.1758454611406086,0.3086655747543794,1
15,549,815,142,0.03077836148440838,2.7260390161153523,0.435641821468422,0.18990753204393965,0.3127746767561808,1
15,550,815,142,0.031802743673324585,2.868896158972495,0.4577913658105408,0.20396960294727068,0.3308804843789057,1
15,551,815,142,0.03304433077573776,3.011753301829638,0.48463738956716146,0.21803167385060176,0.3513345317088816,1
15,552,815,142,0.031808603554964066,3.1546104446867806,0.45791807018867003,0.23209374475393277,0.3450059074713014,1
15,553,815,142,0.031325094401836395,3.297467587543924,0.44746346882709004,0.24615581565726385,0.3468096422421769,1
15,554,815,142,0.031319260597229004,3.3450866351629713,0.4473373282955259,0.25084317262504086,0.3490902504602834,1
15,555,815,142,0.03146054968237877,3.392705682782019,0.45039232953475394,0.25553052959281786,0.3529614295637859,1
15,556,815,142,0.029972953721880913,3.392705682782019,0.4182270175577225,0.25553052959281786,0.3368787735752702,1
15,557,815,142,0.03220021352171898,3.392705682782019,0.4663855957053238,0.25553052959281786,0.3609580626490708,1
15,558,815,145,0.03319723159074783,1.658063734399614,0.4879434636268781,0.08478192310249798,0.28636269336468806,1
15,559,815,145,0.030781827867031097,1.547518074235634,0.4357167727868258,0.073900416723528,0.2548085947551769,1
15,560,815,145,0.03191328048706055,1.4692838967648139,0.46018143085049584,0.06619947486891879,0.2631904528597073,1
15,561,815,145,0.03285202756524086,1.4233612019871569,0.48047934334757675,0.06167909753867069,0.2710792204431237,1
15,562,815,145,0.03167513757944107,1.4097499899026624,0.4550322229189724,0.060339284732783625,0.257685753825878,1
15,563,815,145,0.03265829011797905,1.4284502605113307,0.47629028556691144,0.06218003645125762,0.2692351610090845,1
15,564,815,145,0.03237335756421089,1.4794620138131593,0.47012937579857766,0.06720135269409244,0.268665364246335,1
15,565,815,145,0.03343771770596504,1.5627852498081505,0.49314333719975145,0.07540323346128831,0.2842732853305199,1
15,566,815,145,0.03271578997373581,1.6784199684963046,0.47753356724295976,0.08678567875284525,0.2821596229979025,1
15,567,815,145,0.033098068088293076,1.8212771113534476,0.4857993162388166,0.10084774965617632,0.29332353294749647,1
15,568,815,145,0.03253956139087677,1.9641342542105904,0.47372309215600533,0.11490982055950737,0.29431645635775633,1
15,569,815,145,0.031410858035087585,2.106991397067733,0.4493178796301988,0.1289718914628384,0.2891448855465186,1
15,570,815,145,0.03074127994477749,2.249848539924876,0.43484003165284796,0.14303396236616947,0.2889369970095087,1
15,571,815,148,0.03221072256565094,0.9404660931378498,0.4666128258710596,0.014145560722095628,0.24037919329657761,1
15,572,815,148,0.03116612322628498,0.8537097621067095,0.44402613934196866,0.005605744974186339,0.22481594215807751,1
15,573,815,148,0.03171934932470322,0.831576396461892,0.45598818449534695,0.003427058274998913,0.22970762138517292,1
15,574,815,148,0.03257722035050392,0.8740659962034001,0.47453736714552086,0.007609500624533621,0.24107343388502725,1
15,575,815,148,0.03209115192294121,0.9811785613312338,0.46402742827105165,0.018153072022790463,0.24109025014692106,1
15,576,815,148,0.032856035977602005,1.1427359747970451,0.48056601461958376,0.03405589464459553,0.25731095463208964,1
15,577,815,148,0.03224300593137741,1.3366048709560165,0.467310867918655,0.0531392817907614,0.2602250748547082,1
15,578,815,148,0.0313316211104393,1.5627852498081505,0.44760459156738397,0.07540323346128831,0.26150391251433613,1
15,579,815,148,0.03250392526388168,1.6784199684963046,0.4729525555500398,0.08678567875284525,0.2798691171514425,1
15,580,815,148,0.0320611372590065,1.8212771113534476,0.4633784408746201,0.10084774965617632,0.2821130952653982,1
15,581,815,148,0.03176301345229149,1.9641342542105904,0.45693230529385437,0.11490982055950737,0.28592106292668085,1
15,582,815,149,0.03196173533797264,1.2481521870834857,0.4612291383179633,0.04443248640532321,0.2528308123616433,1
15,583,815,149,0.03169618546962738,1.3757017650147436,0.4554873276465184,0.0569877648652383,0.25623754625587836,1
15,584,815,149,0.03164728358387947,1.5355628256391618,0.4544299542379349,0.0727236078495142,0.26357678104372456,1
15,585,815,149,0.03248890861868858,1.7260390161153523,0.4726278604780507,0.09147303572062228,0.2820504480993365,1
15,586,815,149,0.03309575840830803,1.9165152065915427,0.4857493755430505,0.11022246359173034,0.2979859195673904,1
15,587,815,149,0.03227998688817024,2.106991397067733,0.4681104828974779,0.1289718914628384,0.29854118718015815,1
15,588,815,149,0.03190222382545471,2.297467587543924,0.4599423599068929,0.1477213193339465,0.3038318396204197,1
15,589,815,149,0.032142456620931625,2.487943778020114,0.46513675611313376,0.16647074720505456,0.31580375165909413,1
15,590,815,149,0.03155442327260971,2.678419968496305,0.45242209661960925,0.18522017507616265,0.31882113584788596,1
15,591,815,149,0.03043324314057827,2.868896158972495,0.42817955382783446,0.20396960294727068,0.3160745783875526,1
15,592,815,149,0.03013565018773079,2.916515206591543,0.42174489655214403,0.20865695991504776,0.3152009282335959,1
15,593,815,149,0.031286340206861496,2.9641342542105904,0.4466255122818402,0.21334431688282476,0.3299849145823325,1
15,594,815,149,0.03152173385024071,3.011753301829638,0.45171527467550016,0.21803167385060176,0.334873474263051,1
15,595,815,149,0.030489683151245117,3.0593723494486857,0.4293999191684869,0.22271903081837877,0.32605947499343285,1
15,596,815,149,0.03178993985056877,3.106991397067733,0.4575145171470761,0.22740638778615577,0.34246045246661594,1
15,597,815,149,0.031046319752931595,3.1546104446867806,0.4414357073976295,0.23209374475393277,0.3367647260757811,1
15,598,815,149,0.03021467849612236,3.2022294923058285,0.42345367384243815,0.23678110172170985,0.330117387782074,1
15,599,815,149,0.03076842427253723,3.249848539924876,0.4354269556523638,0.24146845868948685,0.3384477071709253,1
15,600,815,149,0.031807467341423035,3.297467587543924,0.45789350258833345,0.24615581565726385,0.3520246591227987,1
15,601,815,149,0.032122060656547546,3.3450866351629713,0.46469574754971527,0.25084317262504086,0.3577694600873781,1
15,602,815,149,0.032219335436820984,3.392705682782019,0.46679905633656166,0.25553052959281786,0.36116479296468973,1
15,603,815,149,0.03312911465764046,3.392705682782019,0.48647061584932433,0.25553052959281786,0.3710005727210711,1
15,604,815,149,0.03239002823829651,3.392705682782019,0.470489834852696,0.25553052959281786,0.36301018222275694,1
15,605,815,149,0.031457655131816864,3.392705682782019,0.4503297425660277,0.25553052959281786,0.3529301360794228,1
15,606,815,149,0.032192036509513855,3.392705682782019,0.4662087895324099,0.25553052959281786,0.36086965956261385,1
15,607,815,149,0.032394010573625565,3.392705682782019,0.47057594227813787,0.25553052959281786,0.3630532359354779,1
15,608,815,152,0.0321224108338356,1.658063734399614,0.4647033192035895,0.08478192310249798,0.2747426211530437,1
15,609,815,152,0.0320451520383358,1.547518074235634,0.463032802930213,0.073900416723528,0.2684666098268705,1
15,610,815,152,0.03157677501440048,1.4692838967648139,0.4529053936754104,0.06619947486891879,0.25955243427216457,1
15,611,815,152,0.031711265444755554,1.4233612019871569,0.4558133920601655,0.06167909753867069,0.2587462447994181,1
15,612,815,152,0.031862225383520126,1.4097499899026624,0.45907749982553686,0.060339284732783625,0.25970839227916026,1
15,613,815,152,0.03149045631289482,1.4284502605113307,0.45103898099541584,0.06218003645125762,0.2566095087233367,1
15,614,815,152,0.03111320175230503,1.4794620138131593,0.4428818530128503,0.06720135269409244,0.2550416028534714,1
15,615,815,152,0.031953077763319016,1.5627852498081505,0.4610419412583497,0.07540323346128831,0.268222587359819,1
15,616,815,152,0.030754610896110535,1.6784199684963046,0.4351282780718787,0.08678567875284525,0.260956978412362,1
15,617,815,152,0.02967657335102558,1.8212771113534476,0.4118185791473093,0.10084774965617632,0.2563331644017428,1
15,618,815,152,0.031900882720947266,1.9641342542105904,0.45991336208354483,0.11490982055950737,0.2874115913215261,1
15,619,815,152,0.03189103677868843,2.106991397067733,0.45970046973046447,0.1289718914628384,0.29433618059665145,1
15,620,815,152,0.03176116198301315,2.249848539924876,0.4568922721877322,0.14303396236616947,0.29996311727695085,1
15,621,815,152,0.030336162075400352,2.392705682782019,0.4260804336154717,0.1570960332695005,0.2915882334424861,1
15,622,815,152,0.03224197030067444,2.535562825639162,0.46728847515506955,0.1711581041728316,0.3192232896639506,1
15,623,815,152,0.032432910054922104,2.678419968496305,0.4714170402542504,0.18522017507616265,0.32831860766520654,1
15,624,815,155,0.0322565920650959,1.1087685286158573,0.46760463197907276,0.030712326188360915,0.24915847908371683,1
15,625,815,155,0.03175516799092293,1.1189466456642054,0.4567626680272682,0.031714204013534836,0.24423843602040152,1
15,626,815,157,0.031653545796871185,1.5969950321095365,0.4545653579630685,0.07877065615145558,0.26666800705726207,1
15,627,815,157,0.030768780037760735,1.3860818288299217,0.4354346481305019,0.05800952121868925,0.24672208467459558,1
15,628,815,157,0.03217558190226555,1.23979159093663,0.465853002349831,0.04360951533464479,0.2547312588422379,1
15,629,815,157,0.032114092260599136,1.0986308009208774,0.46452345214932217,0.029714424068842626,0.2471189381090824,1
15,630,815,157,0.03262198716402054,0.9931741992810688,0.47550533059878114,0.019333856602459336,0.24741959360062024,1
15,631,815,157,0.03240377455949783,0.9523405630275855,0.4707870625420137,0.015314418184798163,0.24305074036340593,1
15,632,815,157,0.032195158302783966,0.9727371864776444,0.46627629002120347,0.017322149540801073,0.24179921978100227,1
15,633,815,157,0.03305964544415474,1.0254452926208661,0.48496852859989453,0.022510445421165055,0.2537394870105298,1
15,634,815,157,0.03387388959527016,1.1104648814572478,0.502574395946654,0.030879305825889814,0.2667268508862719,1
15,635,815,157,0.03249745815992355,1.2277959529867923,0.4728127216018947,0.042428730754975656,0.2576207261784352,1
15,636,815,157,0.032740503549575806,1.3774385072094997,0.4780679326876572,0.05715872020842257,0.26761332644803987,1
15,637,815,157,0.032660502940416336,1.5593925441253698,0.47633813197543573,0.07506927418623054,0.27570370308083314,1
15,638,815,164,0.030835358425974846,4.893008602932267,0.43687422896071476,0.4032120918702098,0.4200431604154623,1
15,639,815,165,0.03182026743888855,5.273960983884647,0.4581702707022889,0.44071094761242585,0.4494406091573574,1
15,640,815,165,0.03090294450521469,4.687224847530191,0.43833559843319336,0.3829558715556857,0.41064573499443957,1
15,641,815,165,0.032301001250743866,4.134496546710285,0.46856486267944025,0.32854833966083524,0.39855660117013775,1
15,642,815,164,0.03273734822869301,3.0732662870067435,0.4779997072532799,0.22408667356385384,0.35104319040856685,1
15,643,815,165,0.03370637074112892,3.2025122177793923,0.4989522456124434,0.23680893166129782,0.3678805886368706,1
15,644,815,165,0.03283146768808365,2.7450220121975843,0.48003479060574905,0.19177611370200168,0.33590545215387535,1
15,645,815,165,0.03271215781569481,2.46439678500747,0.47745503147139207,0.16415291080792624,0.32080397113965914,1
15,646,815,165,0.030405109748244286,2.246698170362291,0.4275712439335995,0.14272385732504408,0.2851475506293218,1
15,647,815,165,0.031269095838069916,2.1565491336483698,0.44625264860328967,0.133850082302077,0.29005136545268334,1
15,648,815,164,0.030619731172919273,2.0987115796276083,0.43221186226340164,0.1281568718034707,0.2801843670334362,1
15,649,815,164,0.03227950632572174,2.1208045559190576,0.4681000920107782,0.1303315827970025,0.29921583740389035,1
15,650,815,164,0.031687743961811066,2.1752090149036696,0.4553048024584442,0.13568685831489535,0.29549583038666977,1
15,651,815,164,0.031957630068063736,2.2619249565814448,0.4611403727587145,0.14422269835714932,0.3026815355579319,1
15,652,815,164,0.03255501016974449,2.3809523809523796,0.47405713097107316,0.15593910292376406,0.31499811694741864,1
15,653,815,164,0.030993308871984482,2.532291288016477,0.4402894878802879,0.17083607201473983,0.30556277994751385,1
15,654,815,164,0.030181949958205223,2.715941677773738,0.42274600612848134,0.18891360563007673,0.30582980587927905,1
15,655,815,164,0.030828146263957024,2.931903550224161,0.43671828511070965,0.21017170376977465,0.32344499444024216,1
15,656,815,163,0.030680309981107712,4.059372349448686,0.4335217181088865,0.32115352714169615,0.37733762262529136,1
15,657,815,163,0.03044932521879673,4.345086635162971,0.42852728605948337,0.3492776689483582,0.3889024775039208,1
15,658,815,163,0.031126994639635086,4.630800920877257,0.4431800875710342,0.37740181075502033,0.4102909491630273,1
15,659,815,163,0.030755139887332916,4.5831818732582095,0.4351397161021993,0.3727144537872433,0.4039270849447213,1
15,660,815,163,0.03017806075513363,4.487943778020115,0.422661912440772,0.3633397398516893,0.39300082614623066,1
15,661,815,163,0.03040218912065029,4.392705682782019,0.4275080931183082,0.3539650259161352,0.3907365595172217,1
15,662,815,164,0.03143469989299774,3.438628377559676,0.44983339648972,0.26005090692306604,0.354942151706393,1
15,663,815,164,0.030293621122837067,3.375701765014744,0.42516059849401827,0.2538567575118731,0.3395086780029457,1
15,664,815,164,0.03126687929034233,3.297467587543924,0.4462047216452561,0.24615581565726385,0.34618026865125995,1
15,665,815,164,0.031005335971713066,3.249848539924876,0.4405495419710635,0.24146845868948685,0.34100900033027515,1
15,666,815,164,0.030395597219467163,3.2022294923058285,0.4273655607616015,0.23678110172170985,0.33207333124165567,1
15,667,815,164,0.029590241611003876,3.1546104446867806,0.40995188454403225,0.23209374475393277,0.3210228146489825,1
15,668,815,164,0.03037535771727562,3.106991397067733,0.4269279352775736,0.22740638778615577,0.3271671615318647,1
15,669,815,164,0.03026938997209072,3.106991397067733,0.4246366642107753,0.22740638778615577,0.3260215259984655,1
15,670,815,164,0.03177117183804512,3.106991397067733,0.45710870871922177,0.22740638778615577,0.3422575482526888,1
15,671,815,164,0.0306349266320467,3.106991397067733,0.43254042371183704,0.22740638778615577,0.3299734057489964,1
15,672,815,164,0.03055417165160179,3.106991397067733,0.43079431172398236,0.22740638778615577,0.3291003497550691,1
15,673,815,164,0.031397636979818344,3.106991397067733,0.44903200942169247,0.22740638778615577,0.33821919860392413,1
15,674,815,164,0.031288884580135345,3.106991397067733,0.44668052759669225,0.22740638778615577,0.337043457691424,1
15,675,815,165,0.029953397810459137,2.2481521870834857,0.41780417290865124,0.1428669827286406,0.28033557781864593,1
15,676,815,165,0.030494730919599533,2.232844622157601,0.42950906375358866,0.14136019028522465,0.28543462701940664,1
15,677,815,165,0.03048761934041977,2.297467587543924,0.42935529474033457,0.1477213193339465,0.28853830703714056,1
15,678,815,165,0.029995126649737358,2.392705682782019,0.4187064482370772,0.1570960332695005,0.2879012407532888,1
15,679,815,165,0.031017621979117393,2.487943778020114,0.4408151942527355,0.16647074720505456,0.303642970728895,1
15,680,815,167,0.031152481213212013,1.3247304010662806,0.4437311670389114,0.051970424328058845,0.24785079568348511,1
15,681,815,167,0.03068719618022442,1.2651964942041292,0.4336706138768279,0.04611023419192368,0.2398904240343758,1
15,682,815,167,0.029749169945716858,1.2702855527283003,0.41338828770979663,0.04661117310451036,0.2299997304071535,1
15,683,815,167,0.030453812330961227,1.2923785290197496,0.4286243079434354,0.04878588409804215,0.23870509602073878,1
15,684,815,167,0.03033985011279583,1.3740054121733505,0.4261601776296789,0.056820785227709135,0.241490481428694,1
15,685,815,167,0.030619792640209198,1.4879437780201141,0.43221319133030506,0.06803625088173718,0.25012472110602113,1
15,686,815,167,0.029776932671666145,1.6308009208772571,0.41398858292785623,0.08209832178506825,0.24804345235646225,1
15,687,815,167,0.03131314739584923,1.7736580637344,0.4472051465507643,0.0961603926883993,0.2716827696195818,1
15,688,815,167,0.030277131125330925,1.9165152065915427,0.42480404609110106,0.11022246359173034,0.2675132548414157,1
15,689,815,167,0.03136177361011505,2.0593723494486857,0.4482565592956596,0.12428453449506141,0.2862705468953605,1
15,690,815,167,0.02933010645210743,2.2022294923058285,0.40432715258435514,0.13834660539839247,0.2713368789913738,1
15,691,815,167,0.02948477305471897,2.3450866351629713,0.4076714071114801,0.1524086763017235,0.2800400417066018,1
15,692,815,167,0.028647588565945625,2.487943778020114,0.3895695158864501,0.16647074720505456,0.27802013154575234,1
15,693,815,168,0.029796842485666275,1.7719617108930095,0.41441907978031106,0.0959934130508704,0.25520624641559075,1
15,694,815,168,0.02886642888188362,1.8995112888242676,0.39430135653553466,0.1085486915107855,0.2514250240231601,1
15,695,815,168,0.028409751132130623,2.0593723494486857,0.38442691301468923,0.12428453449506141,0.2543557237548753,1
15,696,815,168,0.027820220217108727,2.2022294923058285,0.37167987261842605,0.13834660539839247,0.2550132390084093,1
15,697,815,168,0.027534525841474533,2.3450866351629713,0.3655024904754404,0.1524086763017235,0.25895558338858193,1
15,698,815,168,0.027780186384916306,2.487943778020114,0.3708142473167316,0.16647074720505456,0.26864249726089307,1
15,699,815,168,0.02868146076798439,2.630800920877257,0.390301912299762,0.1805328181083856,0.2854173652040738,1
15,700,815,168,0.02936357632279396,2.7736580637343997,0.4050508496506626,0.19459488901171665,0.2998228693311896,0
15,701,815,171,0.02868909388780594,1.2601478250333233,0.3904669582443181,0.04561327098499235,0.21804011461465522,0
15,702,815,171,0.027690505608916283,1.1070721757744697,0.3688751387045937,0.0305453465508323,0.199710242627713,0
15,703,815,171,0.028271963819861412,1.018619491901936,0.38144762831420337,0.02183855116539383,0.2016430897397986,0
15,704,815,171,0.028466006740927696,0.9947897734157282,0.3856432911546313,0.019492884828677514,0.2025680879916544,0
15,705,815,171,0.0274630356580019,1.0287976089502815,0.3639567051172153,0.022840428990567485,0.19339856705389138,0
15,706,815,171,0.02799910679459572,1.0951169271779975,0.3755478197802662,0.029368537676818508,0.20245817872854235,0
15,707,815,171,0.030180661007761955,1.1937477280988735,0.4227181359982635,0.03907721088743033,0.23089767344284692,0
15,708,815,171,0.030052784830331802,1.3246900117129126,0.4199531532672708,0.05196644862240324,0.235959800944837,0
15,709,815,171,0.02979399263858795,1.4879437780201141,0.4143574594056964,0.06803625088173718,0.2411968551437168,0
15,710,815,173,0.03011394664645195,0.6836301950805778,0.4212756151109612,0.0,0.2106378075554806,0
15,711,815,173,0.03076108545064926,0.6581041237529794,0.43526827311904237,0.0,0.21763413655952119,0
15,712,815,173,0.03167363628745079,0.6972010178117041,0.4549997614667244,0.0,0.2274998807333622,0
15,713,815,173,0.030736830085515976,0.8009208772567542,0.4347438152639889,0.0004094976825113952,0.21757665647325017,0
15,714,815,173,0.031707730144262314,0.9216446544690823,0.4557369505758397,0.01229288188665529,0.23401491623124748,0
15,715,815,173,0.03178632631897926,1.1069913970677332,0.45743638412305493,0.030537395139521042,0.24398688963128798,0
15,716,815,175,0.030354788526892662,0.7840785169029435,0.42648318116197265,0.0,0.21324159058098632,0
15,717,815,175,0.030759457498788834,0.6547921967769296,0.43523307298347824,0.0,0.21761653649173912,0
15,718,815,175,0.03317365050315857,0.6224403247304012,0.487433585233008,0.0,0.243716792616504,0
15,719,815,175,0.03054477833211422,0.6870229007633587,0.43059120613628193,0.0,0.21529560306814097,0
15,720,815,175,0.03212811052799225,0.8485399248758018,0.4648265599528188,0.005096854650288407,0.2349617073015536,0
15,721,815,177,0.031715523451566696,0.9252393069186959,0.45590546014929567,0.012646719689990388,0.23427608991964302,0
15,722,815,177,0.03114134818315506,0.6820146209459184,0.4434904448303678,0.0,0.2217452224151839,0
15,723,815,177,0.031103812158107758,0.5357243830526264,0.4426788279746592,0.0,0.2213394139873296,0
15,724,815,178,0.03052341192960739,0.8947049557736572,0.43012921442569074,0.009641086214469187,0.21988515032007996,0
15,725,815,179,0.03183941915631294,1.5120562219798859,0.45858437572960115,0.07040974715804153,0.26449706144382135,0
15,726,815,179,0.03182566910982132,1.1634153237206677,0.45828706749077414,0.03609145594018645,0.24718926171548028,0
15,727,815,179,0.031639788299798965,0.8521749666787809,0.45426788862522294,0.005454668159278862,0.2298612783922509,0
15,728,815,179,0.031377993524074554,0.6531362332889019,0.4486072718591526,0.0,0.2243036359295763,0
15,729,815,179,0.03190154954791069,0.583343430671674,0.4599277804457096,0.0,0.2299638902228548,0
15,730,815,179,0.032623473554849625,0.639403853144311,0.47553746985299195,0.0,0.23776873492649597,0
15,731,815,180,0.03143677860498428,0.5612908437335902,0.4498783431159095,0.0,0.22493917155795476,0
15,732,815,180,0.031197436153888702,0.534028030211236,0.44470319824239135,0.0,0.22235159912119568,0
15,733,815,180,0.03265814855694771,0.6309220889373561,0.47628722468555806,0.0,0.23814361234277903,0
15,734,815,181,0.03212640807032585,0.5289389716870619,0.4647897488270686,0.0,0.2323948744135343,0
15,735,815,181,0.03396644443273544,0.49315400460438463,0.5045756485052171,0.0,0.25228782425260854,0
15,736,815,181,0.031926535069942474,0.6121410396219541,0.4604680260045859,0.0,0.23023401300229296,0
15,737,815,181,0.03295929729938507,0.8434104769982623,0.4827987664678755,0.004591940032046103,0.2436953532499608,0
15,738,815,181,0.03335968777537346,1.1069913970677332,0.49145614717794983,0.030537395139521042,0.26099677115873543,0
15,739,815,181,0.03138813003897667,1.392705682782019,0.4488264470739584,0.05866153694618316,0.2537439920100708,0
15,740,815,181,0.03215152770280838,1.6784199684963046,0.4653328941682797,0.08678567875284525,0.2760592864605625,0
15,741,815,181,0.03169518709182739,1.9641342542105904,0.45546574037802595,0.11490982055950737,0.28518778046876664,0
15,742,815,181,0.033047888427972794,2.1546104446867806,0.4847143143485431,0.1336592484306154,0.3091867813895793,0
15,743,815,181,0.03313831239938736,2.3450866351629713,0.48666949258778647,0.1524086763017235,0.319539084444755,0
15,744,815,181,0.03125031664967537,2.535562825639162,0.44584659852690744,0.1711581041728316,0.30850235134986953,0
15,745,815,181,0.03166015073657036,2.678419968496305,0.45470817224305776,0.18522017507616265,0.3199641736596102,0
15,746,815,181,0.0327228307723999,2.7736580637343997,0.4776858058155371,0.19459488901171665,0.33614034741362686,0
15,747,815,181,0.03192562609910965,2.868896158972495,0.46044837192431665,0.20396960294727068,0.33220898743579363,0
15,748,815,181,0.03123265691101551,2.9641342542105904,0.44546475357806997,0.21334431688282476,0.3294045352304474,0
15,749,815,181,0.03344085440039635,3.0593723494486857,0.4932111598865822,0.22271903081837877,0.3579650953524805,0
15,750,815,181,0.03383152186870575,3.1546104446867806,0.5016583063773831,0.23209374475393277,0.3668760255656579,0
15,751,815,181,0.033223994076251984,3.249848539924876,0.48852213130169064,0.24146845868948685,0.36499529499558875,0
15,752,815,181,0.03357560187578201,3.297467587543924,0.4961247161874791,0.24615581565726385,0.3711402659223715,0
15,753,815,181,0.03242708370089531,3.3450866351629713,0.4712910608217049,0.25084317262504086,0.3610671167233729,0
15,754,815,184,0.03242092579603195,1.658063734399614,0.47115791248283173,0.08478192310249798,0.27796991779266483,0
15,755,815,184,0.03260063752532005,1.547518074235634,0.47504370136098184,0.073900416723528,0.2744720590422549,0
15,756,815,184,0.032237883657217026,1.4692838967648139,0.4672001123433672,0.06619947486891879,0.266699793606143,0
15,757,815,184,0.03346247225999832,1.4233612019871569,0.4936785886890511,0.06167909753867069,0.27767884311386093,0
15,758,815,184,0.03261673450469971,1.4097499899026624,0.4753917557906679,0.060339284732783625,0.2678655202617258,0
15,759,815,186,0.03426896408200264,1.1904761904761918,0.5111168325069569,0.038755178729338875,0.2749360056181479,0
15,760,815,186,0.03202088177204132,0.9880851407568974,0.46250802287712234,0.01883291768987264,0.2406704702834975,0
15,761,815,186,0.032439928501844406,0.8503170564239259,0.47156879552977193,0.005271785699128279,0.2384202906144501,0
15,762,815,186,0.03223932906985283,0.7771719374772799,0.46723136555297573,0.0,0.23361568277648787,0
15,763,815,186,0.03145810589194298,0.7686497839169595,0.45033948905665305,0.0,0.22516974452832653,0
15,764,815,186,0.03260564059019089,0.8247505957429621,0.47515187935197195,0.00275516401922771,0.23895352168559983,0
15,765,815,186,0.032435815781354904,0.9420816672725065,0.47147986887150456,0.014304588948313542,0.24289222890990905,0
15,766,815,186,0.034077372401952744,1.0917242214952139,0.5069741712436485,0.02903457840176045,0.2680043748227045,0
15,767,815,187,0.03401447832584381,0.6734116886788643,0.5056142538781336,0.0,0.2528071269390668,0
15,768,815,187,0.03373975679278374,0.7771315481239144,0.49967413031479163,0.0,0.24983706515739582,0
15,769,815,187,0.03328339010477066,0.9454743729552875,0.48980641267797276,0.014638548223371342,0.252222480450672,0
15,770,815,187,0.03402286022901535,1.1767438103315957,0.505795490274059,0.03740343880648523,0.2715994645402721,0
15,771,815,187,0.03347651660442352,1.4403247304010667,0.49398226033911286,0.06334889391396017,0.2786655771265365,0
15,772,815,189,0.03395720571279526,0.7550789611858333,0.5043758857221526,0.0,0.2521879428610763,0
15,773,815,189,0.03540167585015297,0.714204935578982,0.5356087163047705,0.0,0.26780435815238524,0
15,774,815,189,0.035104211419820786,0.7940950765378242,0.5291768379871509,0.0,0.26458841899357544,0
15,775,815,189,0.03517242521047592,0.9114261480673688,0.5306517800519466,0.011287028355826024,0.2709694042038863,0
15,776,815,190,0.03753050044178963,0.5866553576477267,0.5816388944933784,0.0,0.2908194472466892,0
15,777,815,190,0.03725111484527588,0.6274486045478443,0.5755979229443926,0.0,0.2877989614721963,0
15,778,815,190,0.03969516232609749,0.765176299527445,0.628443958961454,0.0,0.314221979480727,0
15,779,815,191,0.03528652712702751,0.5713881820752046,0.5331189309723018,0.0,0.2665594654861509,0
15,780,815,191,0.03500762954354286,0.5067248273355163,0.5270885114090343,0.0,0.26354425570451717,0
15,781,815,191,0.03592100739479065,0.5713074033684736,0.546837881747781,0.0,0.2734189408738905,0
15,782,815,193,0.03443853557109833,1.1787228886465524,0.514783365620792,0.037598248383602394,0.27619080700219717,0
15,783,815,193,0.032333508133888245,0.8777010380063819,0.4692677376975936,0.007967314133524337,0.238617525915559,0
15,784,815,194,0.035192135721445084,1.4644371743608382,0.5310779675056538,0.0657223901902645,0.29840017884795916,0
15,785,815,195,0.035820670425891876,2.0358657457894096,0.5446683612642899,0.12197067380358871,0.3333195175339393,0
15,786,815,195,0.03493165224790573,1.6396057999111437,0.5254457041668571,0.08296502561795661,0.30420536489240685,0
15,787,815,195,0.03738788887858391,1.2773536895674287,0.5785552981783487,0.047306921594214235,0.3129311098862815,0
15,788,815,195,0.03591899946331978,1.029039945070477,0.5467944655622682,0.02286428322449988,0.284829374393384,0
15,789,815,195,0.03665009140968323,0.845349165959851,0.5626023873119383,0.004782773903507658,0.283692580607723,0
15,790,815,195,0.03278378024697304,0.7330667636011123,0.47900367633719737,0.0,0.23950183816859869,0
15,791,815,195,0.03524288162589073,0.7006745022012185,0.5321752129213408,0.0,0.2660876064606704,0
15,792,815,196,0.03703826293349266,0.6684437982147894,0.570995565631508,0.0,0.285497782815754,0
15,793,815,196,0.036182716488838196,0.6276101619613063,0.5524966458751375,0.0,0.27624832293756874,0
15,794,815,196,0.03489962965250015,0.6700593723494462,0.5247533005849128,0.0,0.2623766502924564,0
15,795,815,196,0.03496092930436134,0.8400581606688469,0.5260787427604473,0.00426195646264366,0.2651703496115455,0
15,796,815,196,0.035663705319166183,1.1069913970677332,0.5412744076899267,0.030537395139521042,0.2859059014147239,0
15,797,815,196,0.03583769127726555,1.392705682782019,0.5450363919722824,0.05866153694618316,0.30184896445923276,0
15,798,815,196,0.035317596048116684,1.6784199684963046,0.5337907138798653,0.08678567875284525,0.3102881963163553,0
15,799,815,196,0.03653847053647041,1.9641342542105904,0.5601888823647769,0.11490982055950737,0.33754935146214216,0
15,800,815,196,0.03693927824497223,2.2022294923058285,0.5688552846198929,0.13834660539839247,0.3536009450091427,0
15,801,815,196,0.03651782497763634,2.4403247304010667,0.5597424769842353,0.16178339023727756,0.3607629336107564,0
15,802,815,196,0.034933485090732574,2.678419968496305,0.5254853345254328,0.18522017507616265,0.3553527548007977,0
15,803,815,196,0.03616141527891159,2.8212771113534476,0.5520360637809589,0.19928224597949368,0.3756591548802263,0
15,804,815,196,0.03627168759703636,2.9641342542105904,0.5544204098057537,0.21334431688282476,0.3838823633442892,0
15,805,815,196,0.036082345992326736,3.0593723494486857,0.5503264004460626,0.22271903081837877,0.3865227156322207,0
15,806,815,196,0.0351322777569294,3.106991397067733,0.5297836979902184,0.22740638778615577,0.37859504288818707,0
15,807,815,196,0.03722573444247246,3.1546104446867806,0.5750491391375304,0.23209374475393277,0.4035714419457316,0
15,808,815,196,0.036315783858299255,3.2022294923058285,0.55537387434734,0.23678110172170985,0.3960774880345249,0
15,809,815,196,0.03782082349061966,3.249848539924876,0.5879163594016695,0.24146845868948685,0.4146924090455782,0
15,810,815,196,0.03595038875937462,3.297467587543924,0.5474731757276315,0.24615581565726385,0.3968144956924477,0
15,811,815,196,0.0351906344294548,3.3450866351629713,0.5310455060534058,0.25084317262504086,0.39094433933922335,0
15,812,815,196,0.03540048003196716,3.392705682782019,0.535582859912285,0.25553052959281786,0.39555669475255145,0
15,813,815,196,0.03602989390492439,3.392705682782019,0.5491922633551161,0.25553052959281786,0.40236139647396696,0
15,814,815,196,0.03501760959625244,3.392705682782019,0.5273043035444496,0.25553052959281786,0.3914174165686337,0
